0 0.799013 0.635700 0.097187 0.227622
0 0.398844 0.647439 0.070375 0.218033
0 0.721763 0.637833 0.097350 0.219311
0 0.186719 0.047194 0.087075 0.065456
0 0.562025 0.633178 0.072512 0.203889
0 0.330716 0.454333 0.058581 0.146333
0 0.742263 0.436622 0.083987 0.158200
0 0.309294 0.646367 0.077537 0.213556
0 0.537131 0.440561 0.060925 0.179944
0 0.815344 0.437606 0.095175 0.160500
0 0.127684 0.176522 0.064144 0.095600
0 0.232759 0.181417 0.053706 0.125678
0 0.670316 0.431883 0.076981 0.157233
0 0.471128 0.442494 0.062881 0.155811
0 0.607153 0.454600 0.065944 0.137689
0 0.466612 0.175989 0.042425 0.090400
0 0.892425 0.445011 0.092425 0.179711
0 0.030506 0.453822 0.061012 0.211400
0 0.026919 0.181778 0.053712 0.112911
0 0.695659 0.150828 0.053369 0.110656
0 0.481806 0.624944 0.062088 0.188911
0 0.852038 0.154411 0.066075 0.123578
0 0.406503 0.449961 0.052231 0.139944
0 0.584706 0.177017 0.048200 0.100078
0 0.880656 0.626672 0.118050 0.221211
0 0.075359 0.186167 0.060394 0.089889
0 0.180244 0.181322 0.055963 0.090111
0 0.646359 0.165622 0.061719 0.093244
0 0.794094 0.159006 0.060338 0.085033
0 0.742234 0.155122 0.053581 0.084067
0 0.252084 0.470139 0.072419 0.175856
0 0.955328 0.624544 0.088944 0.209889
0 0.291159 0.171006 0.049731 0.101989
0 0.637325 0.633783 0.078050 0.203011
0 0.979563 0.405178 0.040638 0.110889
