0 0.473097 0.635994 0.063831 0.220367
0 0.719791 0.637806 0.090919 0.204056
0 0.880106 0.622700 0.104500 0.222378
0 0.639944 0.643167 0.084987 0.220244
0 0.079534 0.479006 0.098969 0.180167
0 0.182597 0.175933 0.054194 0.088778
0 0.949853 0.433861 0.100294 0.156900
0 0.238562 0.189967 0.055188 0.100222
0 0.073906 0.188256 0.068712 0.103578
0 0.882953 0.426344 0.092606 0.143711
0 0.816641 0.449800 0.093344 0.159556
0 0.601522 0.441633 0.066756 0.157578
0 0.125413 0.184922 0.063050 0.113356
0 0.697088 0.164983 0.059887 0.096100
0 0.027347 0.481800 0.054456 0.166711
0 0.533856 0.448189 0.060075 0.152489
0 0.984922 0.579978 0.029681 0.110111
0 0.398309 0.456511 0.056069 0.139333
0 0.027256 0.184206 0.054313 0.122278
0 0.669456 0.437361 0.069062 0.152744
0 0.849275 0.153150 0.067800 0.110656
