0 0.639078 0.640667 0.079856 0.204222
0 0.722122 0.642033 0.099131 0.218156
0 0.809859 0.435011 0.090656 0.147067
0 0.308709 0.656172 0.076044 0.235944
0 0.882450 0.640344 0.114700 0.209711
0 0.403347 0.468011 0.056094 0.147156
0 0.468775 0.457389 0.055338 0.154200
0 0.025888 0.479239 0.051463 0.186011
0 0.389962 0.654178 0.067088 0.219222
0 0.540941 0.455339 0.061069 0.170811
0 0.181038 0.177256 0.057325 0.113422
0 0.321059 0.465661 0.065456 0.157633
0 0.477856 0.649311 0.057075 0.174644
0 0.792456 0.626606 0.092637 0.168833
0 0.234456 0.188006 0.052288 0.123856
0 0.676500 0.453472 0.076637 0.152811
0 0.290566 0.181661 0.051981 0.127278
0 0.609150 0.454472 0.065113 0.137700
0 0.130831 0.175500 0.060263 0.111689
0 0.949247 0.625889 0.101269 0.189644
0 0.557397 0.643894 0.074881 0.194611
0 0.949413 0.434939 0.101125 0.163367
0 0.642925 0.161672 0.057500 0.096144
0 0.252619 0.471317 0.067413 0.146922
0 0.028803 0.192167 0.057331 0.118511
0 0.794912 0.150617 0.060325 0.090389
0 0.843584 0.154339 0.061956 0.091722
0 0.524572 0.173217 0.045031 0.090767
0 0.467753 0.177311 0.041506 0.090600
0 0.742794 0.442700 0.092400 0.185956
0 0.876366 0.424511 0.105306 0.157911
0 0.690344 0.158422 0.049375 0.079378
0 0.745934 0.154728 0.076356 0.106389
0 0.533216 0.112556 0.035556 0.066689
0 0.479316 0.036372 0.108394 0.072300
0 0.479316 0.036372 0.108394 0.072300
0 0.987628 0.396311 0.024331 0.058978
0 0.986925 0.563844 0.025725 0.119978
