0 0.473622 0.653450 0.068944 0.218833
0 0.639272 0.646894 0.082319 0.210078
0 0.950000 0.624800 0.099738 0.224600
0 0.796047 0.640472 0.112394 0.221100
0 0.388869 0.657361 0.065713 0.207033
0 0.748078 0.447656 0.080819 0.172489
0 0.883716 0.437117 0.101931 0.174789
0 0.084088 0.486372 0.095288 0.172744
0 0.670831 0.439361 0.080262 0.161189
0 0.321641 0.468722 0.058019 0.151956
0 0.538116 0.464811 0.061219 0.165444
0 0.234891 0.184922 0.053956 0.113889
0 0.693628 0.160617 0.057744 0.094189
0 0.599766 0.457272 0.070119 0.147967
0 0.028706 0.474228 0.057050 0.190256
0 0.745712 0.156750 0.062575 0.095256
0 0.291756 0.181761 0.051075 0.126122
0 0.127356 0.195739 0.058463 0.113256
0 0.466238 0.444483 0.052050 0.129944
0 0.402616 0.464228 0.054531 0.146300
0 0.073862 0.188806 0.068763 0.124544
0 0.817350 0.433367 0.099012 0.167489
0 0.980956 0.410444 0.037812 0.112733
0 0.557859 0.651778 0.070281 0.207956
0 0.184203 0.179844 0.053644 0.110689
0 0.306797 0.656522 0.070256 0.207022
0 0.642322 0.160811 0.058294 0.096600
0 0.850700 0.161500 0.065225 0.088578
0 0.030531 0.169711 0.060888 0.147178
0 0.620003 0.031744 0.087744 0.062267
0 0.877903 0.626039 0.116781 0.213144
0 0.620003 0.031744 0.087744 0.062267
0 0.981162 0.582433 0.037237 0.134689
0 0.877669 0.626656 0.116250 0.212333
