0 0.478472 0.658533 0.067381 0.233133
0 0.301494 0.679878 0.077225 0.211244
0 0.218372 0.670250 0.081206 0.216211
0 0.721159 0.632972 0.095444 0.198144
0 0.637300 0.648978 0.086900 0.224778
0 0.612931 0.458983 0.064337 0.149967
0 0.951328 0.638006 0.096881 0.206211
0 0.796778 0.635078 0.098719 0.195867
0 0.390881 0.651594 0.063113 0.190056
0 0.468494 0.466956 0.054238 0.153600
0 0.322972 0.466950 0.063681 0.152211
0 0.948181 0.439872 0.098925 0.140500
0 0.680237 0.449450 0.072888 0.151411
0 0.812750 0.430161 0.088262 0.173278
0 0.401703 0.463094 0.054769 0.149144
0 0.131138 0.170989 0.061512 0.111667
0 0.205134 0.078128 0.080419 0.067256
0 0.291525 0.181194 0.051275 0.128367
0 0.236616 0.178967 0.055906 0.124733
0 0.643437 0.160106 0.057488 0.097344
0 0.541431 0.469067 0.065925 0.168022
0 0.189128 0.181378 0.058144 0.089178
0 0.752309 0.458517 0.085119 0.159122
0 0.744956 0.154483 0.061638 0.091344
0 0.257391 0.468911 0.069344 0.152822
0 0.024659 0.486328 0.049131 0.152456
0 0.556444 0.654761 0.076912 0.198256
0 0.697016 0.157289 0.055431 0.092933
0 0.887288 0.447083 0.099687 0.162989
0 0.074366 0.181633 0.065806 0.091667
0 0.588197 0.164133 0.047131 0.088556
0 0.791562 0.150994 0.058812 0.083456
0 0.027022 0.184278 0.054019 0.095222
0 0.989719 0.575450 0.020150 0.083233
0 0.669756 0.049600 0.106538 0.099044
0 0.981797 0.411972 0.036206 0.095611
0 0.846063 0.138156 0.078975 0.150578
0 0.846063 0.138156 0.078975 0.150578
