0 0.798409 0.635817 0.098194 0.226144
0 0.397356 0.644256 0.068600 0.218889
0 0.720753 0.637644 0.097806 0.218733
0 0.561753 0.632928 0.073269 0.204033
0 0.741544 0.436178 0.084100 0.158267
0 0.636384 0.633733 0.079031 0.203400
0 0.330666 0.454283 0.058856 0.145389
0 0.539525 0.453589 0.060450 0.144822
0 0.669025 0.432006 0.077750 0.157411
0 0.471688 0.448672 0.063912 0.167856
0 0.606431 0.453989 0.065787 0.137378
0 0.814972 0.438272 0.093731 0.161656
0 0.891950 0.447506 0.091213 0.184678
0 0.479756 0.626150 0.065312 0.187811
0 0.850906 0.153217 0.064787 0.121078
0 0.645766 0.165067 0.060306 0.094311
0 0.741750 0.154161 0.053650 0.083567
0 0.232047 0.181761 0.052919 0.127256
0 0.126759 0.177011 0.063794 0.095533
0 0.694925 0.150178 0.053663 0.110667
0 0.309441 0.646989 0.068019 0.205400
0 0.025725 0.182444 0.051338 0.114067
0 0.179569 0.180872 0.056075 0.089944
0 0.794003 0.159111 0.058981 0.087133
0 0.880181 0.625661 0.118637 0.220367
0 0.466584 0.175439 0.041706 0.090011
0 0.952566 0.444678 0.094369 0.169778
0 0.406253 0.460778 0.052456 0.161422
0 0.074497 0.186794 0.060119 0.091367
0 0.952425 0.624467 0.094887 0.206644
0 0.292391 0.169956 0.053081 0.100822
0 0.979997 0.389856 0.039744 0.078711
0 0.985400 0.570183 0.028750 0.102500
0 0.020938 0.496689 0.041712 0.171267
