0 0.799794 0.635250 0.098900 0.195033
0 0.306634 0.675367 0.072506 0.213511
0 0.638081 0.646339 0.079525 0.208122
0 0.719853 0.640550 0.091869 0.218767
0 0.026500 0.491728 0.052737 0.188678
0 0.719831 0.036556 0.078650 0.062489
0 0.952619 0.628300 0.094412 0.226956
0 0.399231 0.448889 0.056787 0.197622
0 0.604334 0.442050 0.068531 0.149833
0 0.743553 0.438478 0.085919 0.160422
0 0.673622 0.448089 0.070719 0.149244
0 0.880494 0.429950 0.097063 0.182056
0 0.881725 0.632106 0.104413 0.221567
0 0.290422 0.181989 0.049219 0.126533
0 0.475916 0.647872 0.063981 0.190522
0 0.333594 0.460672 0.055113 0.145522
0 0.189241 0.179278 0.054169 0.089156
0 0.134316 0.188300 0.061519 0.091244
0 0.077341 0.178056 0.068644 0.115600
0 0.642637 0.164439 0.053187 0.098144
0 0.391206 0.645439 0.062962 0.200344
0 0.692937 0.160039 0.055750 0.089344
0 0.027119 0.183456 0.054238 0.109956
0 0.239634 0.175072 0.054831 0.112033
0 0.540503 0.447289 0.061931 0.161911
0 0.558184 0.642017 0.071069 0.206078
0 0.794919 0.153994 0.066188 0.093211
0 0.746247 0.158222 0.061931 0.107289
0 0.946897 0.427817 0.104981 0.152033
0 0.985406 0.568794 0.028763 0.104056
0 0.978888 0.405672 0.042062 0.110700
0 0.003337 0.149733 0.006550 0.031067
