0 0.471531 0.642011 0.069062 0.227844
0 0.714131 0.646011 0.091000 0.226067
0 0.790106 0.621006 0.096000 0.187100
0 0.949444 0.624117 0.100687 0.195433
0 0.396834 0.478600 0.058081 0.175200
0 0.306028 0.664683 0.073906 0.205100
0 0.812081 0.442861 0.088875 0.132322
0 0.031700 0.182706 0.063162 0.115322
0 0.239222 0.193128 0.052669 0.099700
0 0.535334 0.467833 0.059394 0.155111
0 0.800150 0.154733 0.066113 0.113600
0 0.696006 0.154256 0.059112 0.089867
0 0.987700 0.581667 0.024162 0.090622
0 0.986947 0.408133 0.025669 0.080133
0 0.002081 0.595783 0.004000 0.047278
0 0.003481 0.163006 0.006850 0.033456
