0 0.299903 0.668433 0.077181 0.209889
0 0.387034 0.664556 0.064844 0.199822
0 0.794706 0.139994 0.061137 0.109344
0 0.325303 0.471350 0.060019 0.156144
0 0.178200 0.181439 0.058125 0.124078
0 0.237450 0.162717 0.051988 0.107167
0 0.692850 0.158333 0.062250 0.092000
0 0.401775 0.470094 0.055325 0.143322
0 0.643644 0.163861 0.058012 0.094967
0 0.289081 0.178033 0.046350 0.101022
0 0.746028 0.156094 0.054069 0.082678
0 0.129047 0.184017 0.063294 0.099811
0 0.847306 0.143539 0.061087 0.105078
0 0.973772 0.402406 0.052131 0.136478
0 0.466847 0.464261 0.060181 0.157589
0 0.026256 0.487539 0.052300 0.175611
0 0.026256 0.487539 0.052300 0.175611
