0 0.632975 0.657961 0.078838 0.204456
0 0.305422 0.677317 0.084356 0.229478
0 0.951034 0.645033 0.097469 0.217311
0 0.881906 0.645594 0.124325 0.217522
0 0.036600 0.681939 0.072912 0.216678
0 0.674228 0.453428 0.074031 0.164456
0 0.606500 0.463489 0.066238 0.149200
0 0.716947 0.645394 0.086531 0.194856
0 0.812394 0.463356 0.089075 0.145311
0 0.535691 0.468411 0.064244 0.168667
0 0.743188 0.455356 0.084312 0.146889
0 0.081619 0.184972 0.060663 0.113678
0 0.031003 0.189061 0.062006 0.088544
0 0.402388 0.485383 0.057138 0.146278
0 0.028875 0.502739 0.057575 0.164900
0 0.290759 0.188161 0.053569 0.120322
0 0.319625 0.478067 0.063325 0.154689
0 0.638500 0.178200 0.053625 0.097044
0 0.688394 0.175489 0.057737 0.093689
0 0.466031 0.195856 0.040475 0.090600
0 0.554238 0.664117 0.067900 0.193189
0 0.794550 0.168428 0.058388 0.093233
0 0.468347 0.483350 0.061431 0.166656
0 0.240466 0.200128 0.053831 0.098967
0 0.948781 0.464800 0.099375 0.146333
0 0.184403 0.186850 0.055269 0.096189
0 0.880506 0.462400 0.100562 0.161378
0 0.848019 0.172767 0.074325 0.096067
0 0.530619 0.183806 0.043700 0.094144
0 0.748463 0.177617 0.068150 0.107278
0 0.472306 0.683678 0.064562 0.202978
0 0.392653 0.662022 0.062756 0.173756
0 0.978972 0.435617 0.041781 0.116567
0 0.131134 0.185967 0.056481 0.089400
0 0.050666 0.033700 0.101331 0.067400
