0 0.303916 0.667050 0.074081 0.218056
0 0.879144 0.626556 0.109437 0.180022
0 0.721584 0.624039 0.098569 0.210967
0 0.938959 0.415567 0.097856 0.143889
0 0.813238 0.438439 0.090975 0.182011
0 0.798728 0.617156 0.090256 0.172333
0 0.292400 0.180206 0.049538 0.126611
0 0.076084 0.187828 0.064144 0.097456
0 0.677525 0.439944 0.073800 0.167244
0 0.470753 0.650472 0.064519 0.199122
0 0.029150 0.461717 0.058063 0.159322
0 0.630200 0.163900 0.051575 0.097978
0 0.237575 0.183411 0.048900 0.088244
0 0.399484 0.457989 0.055569 0.156467
0 0.532088 0.441833 0.066212 0.159289
0 0.464528 0.179478 0.042031 0.091733
0 0.027534 0.191167 0.054969 0.125222
0 0.604166 0.445289 0.071119 0.150711
0 0.330484 0.483483 0.060294 0.153433
0 0.185419 0.173239 0.059025 0.116122
0 0.466938 0.451617 0.052200 0.151567
0 0.798188 0.157811 0.076750 0.105244
0 0.858281 0.161311 0.069950 0.121111
0 0.697406 0.163022 0.056662 0.087578
0 0.387300 0.656589 0.064925 0.196600
0 0.951028 0.610094 0.097644 0.214144
0 0.985484 0.545778 0.028631 0.059978
0 0.978356 0.385667 0.043012 0.103933
0 0.638506 0.638511 0.082137 0.206067
0 0.638606 0.637667 0.082600 0.206200
