0 0.632088 0.633939 0.083413 0.226700
0 0.230009 0.634939 0.077544 0.211678
0 0.799275 0.639478 0.108525 0.220422
0 0.949234 0.625283 0.101256 0.186700
0 0.033688 0.660939 0.067363 0.215322
0 0.388231 0.667794 0.070487 0.200056
0 0.237400 0.172489 0.054325 0.111578
0 0.074334 0.174939 0.069231 0.138389
0 0.476356 0.465394 0.054062 0.148322
0 0.134822 0.173406 0.059381 0.112344
0 0.948125 0.437361 0.102238 0.152456
0 0.470997 0.656528 0.062444 0.197678
0 0.742044 0.438022 0.086663 0.159422
0 0.674156 0.447978 0.079025 0.150756
0 0.026284 0.492272 0.052469 0.164167
0 0.881937 0.437461 0.099475 0.158411
0 0.294691 0.179633 0.055219 0.125600
0 0.554550 0.658089 0.071938 0.212111
0 0.804813 0.424839 0.082713 0.133744
0 0.605966 0.454283 0.061269 0.148056
0 0.323075 0.475106 0.063225 0.157122
0 0.254878 0.466494 0.070731 0.144544
0 0.025947 0.186022 0.051781 0.115733
0 0.404125 0.469356 0.055150 0.146556
0 0.539997 0.455611 0.063756 0.161889
0 0.712163 0.624528 0.091125 0.193922
0 0.746347 0.156578 0.065844 0.095222
0 0.461163 0.168600 0.042087 0.086511
0 0.649663 0.166422 0.063863 0.121956
0 0.800037 0.160389 0.062738 0.087600
0 0.187147 0.169367 0.063881 0.115756
0 0.694375 0.156528 0.050475 0.082278
0 0.985691 0.580511 0.028156 0.106689
0 0.848441 0.150200 0.066244 0.091689
0 0.875734 0.620939 0.110781 0.193767
0 0.982144 0.406678 0.035562 0.101911
0 0.875775 0.621233 0.110425 0.193489
0 0.309162 0.666386 0.094435 0.248829
