0 0.398450 0.644283 0.068950 0.227811
0 0.228578 0.674978 0.076156 0.209289
0 0.716100 0.636683 0.096363 0.219056
0 0.183859 0.175339 0.055831 0.121033
0 0.239603 0.161606 0.048756 0.126544
0 0.075041 0.192367 0.064619 0.117422
0 0.131569 0.177733 0.055563 0.108556
0 0.799259 0.632344 0.097644 0.227578
0 0.796334 0.143239 0.061069 0.112078
0 0.848328 0.145950 0.062156 0.107500
0 0.292994 0.179550 0.044175 0.079456
0 0.632184 0.638050 0.074544 0.198856
0 0.474556 0.455972 0.055825 0.144367
0 0.949112 0.443161 0.097500 0.141611
0 0.241859 0.477117 0.071181 0.177856
