0 0.882806 0.629394 0.119600 0.214322
0 0.774994 0.070983 0.094125 0.066056
0 0.946716 0.619706 0.106194 0.202189
0 0.715794 0.637933 0.087163 0.206956
0 0.331144 0.459083 0.057100 0.146256
0 0.180394 0.040800 0.087425 0.069800
0 0.810291 0.436939 0.093844 0.152611
0 0.876844 0.436572 0.084475 0.155700
0 0.948041 0.432350 0.098381 0.143322
0 0.672866 0.441006 0.078644 0.166233
0 0.744328 0.154683 0.060894 0.089278
0 0.234750 0.647761 0.080262 0.202811
0 0.471934 0.466156 0.054631 0.135867
0 0.258672 0.469622 0.061181 0.143511
0 0.479247 0.639767 0.063231 0.192933
0 0.560484 0.640339 0.070369 0.202367
0 0.637628 0.646517 0.073894 0.190656
0 0.736088 0.437622 0.069312 0.128778
0 0.791781 0.025483 0.087950 0.050966
0 0.397563 0.637217 0.061238 0.182256
0 0.078047 0.482283 0.103231 0.168567
0 0.290934 0.181044 0.051494 0.125356
0 0.637088 0.164661 0.053238 0.097878
0 0.605359 0.451744 0.062694 0.141067
0 0.405856 0.456478 0.052987 0.140244
0 0.792847 0.153772 0.065606 0.103011
0 0.849056 0.151183 0.067200 0.117100
0 0.799113 0.620156 0.111862 0.207044
0 0.028887 0.186817 0.057562 0.096189
0 0.986772 0.592583 0.026031 0.101033
