0 0.478131 0.645411 0.063688 0.231289
0 0.071313 0.556017 0.103800 0.191922
0 0.638228 0.638578 0.087506 0.220044
0 0.389859 0.667483 0.069906 0.198344
0 0.675647 0.452211 0.070606 0.149356
0 0.079425 0.178506 0.068875 0.124367
0 0.321341 0.474878 0.061756 0.161089
0 0.189334 0.179172 0.053556 0.090322
0 0.747894 0.453517 0.082263 0.151078
0 0.800219 0.154783 0.065862 0.115122
0 0.813359 0.438706 0.092131 0.160322
0 0.028494 0.181472 0.056975 0.108967
0 0.237491 0.186700 0.056756 0.100244
0 0.872406 0.621094 0.113450 0.199011
0 0.637500 0.159522 0.054713 0.093844
