0 0.300009 0.630778 0.078831 0.218267
0 0.556109 0.642322 0.068056 0.222533
0 0.722166 0.639950 0.093719 0.207900
0 0.803753 0.625244 0.102694 0.186978
0 0.474322 0.643372 0.065094 0.206589
0 0.882947 0.447867 0.096569 0.151111
0 0.639522 0.643600 0.084194 0.222111
0 0.749541 0.449072 0.083544 0.144700
0 0.385144 0.638278 0.063238 0.178533
0 0.676525 0.444244 0.075050 0.137222
0 0.468144 0.447367 0.056350 0.144222
0 0.539647 0.453017 0.061769 0.150033
0 0.235784 0.176467 0.048081 0.091000
0 0.333716 0.452444 0.060544 0.160756
0 0.252909 0.458483 0.071644 0.150722
0 0.290431 0.173922 0.049337 0.125622
0 0.077509 0.184150 0.066744 0.100456
0 0.610522 0.452156 0.066581 0.166133
0 0.873828 0.622078 0.106031 0.224356
0 0.795391 0.138806 0.067194 0.118522
0 0.132144 0.176044 0.063000 0.094711
0 0.473841 0.173989 0.044294 0.092156
0 0.026431 0.485889 0.052613 0.162333
0 0.030500 0.168517 0.061000 0.109189
0 0.184563 0.175711 0.051650 0.086689
0 0.402163 0.453656 0.054713 0.143378
0 0.527228 0.167211 0.046281 0.090822
0 0.748225 0.153878 0.062200 0.091044
0 0.587344 0.168622 0.048150 0.095378
0 0.843681 0.149189 0.061125 0.089822
0 0.034144 0.021933 0.067713 0.043866
0 0.646988 0.157317 0.062762 0.107344
0 0.981447 0.408789 0.036881 0.092978
0 0.952306 0.452833 0.094362 0.160533
0 0.955903 0.610622 0.087906 0.178911
