0 0.874691 0.626422 0.102419 0.223867
0 0.554128 0.630650 0.071931 0.218833
0 0.795500 0.633494 0.097600 0.232122
0 0.633025 0.621650 0.077600 0.194633
0 0.393341 0.654439 0.076344 0.231611
0 0.302969 0.665572 0.076050 0.199256
0 0.945878 0.609900 0.107956 0.199667
0 0.032337 0.179161 0.064674 0.090722
0 0.133881 0.177433 0.063200 0.113800
0 0.878569 0.434044 0.087737 0.138622
0 0.238931 0.181872 0.052325 0.121211
0 0.697678 0.160311 0.053156 0.082400
0 0.643250 0.161894 0.055587 0.096922
0 0.755281 0.162611 0.062462 0.090044
0 0.741644 0.443572 0.078775 0.149567
0 0.983050 0.410361 0.033775 0.095589
0 0.674797 0.448117 0.074056 0.145233
0 0.250044 0.475489 0.075575 0.177422
0 0.297841 0.183250 0.046556 0.092433
0 0.475112 0.167594 0.048300 0.106789
0 0.468244 0.444956 0.057562 0.160467
0 0.323359 0.470600 0.060769 0.160244
0 0.981953 0.565372 0.035906 0.097056
0 0.715044 0.620911 0.086563 0.190933
