0 0.479319 0.658522 0.067000 0.233267
0 0.806622 0.648083 0.090731 0.207056
0 0.302106 0.678889 0.078912 0.209756
0 0.723897 0.632289 0.091994 0.200178
0 0.222087 0.666594 0.082525 0.225767
0 0.613450 0.459822 0.064337 0.152956
0 0.948566 0.439789 0.097719 0.141622
0 0.026175 0.492700 0.052100 0.167222
0 0.751216 0.446628 0.080344 0.137833
0 0.638066 0.648667 0.086144 0.223711
0 0.388028 0.646267 0.059406 0.173556
0 0.132184 0.171411 0.060994 0.111978
0 0.469112 0.466094 0.052525 0.152478
0 0.238153 0.180906 0.052131 0.089856
0 0.885863 0.640928 0.111237 0.233078
0 0.643959 0.160361 0.057244 0.098033
0 0.038888 0.685172 0.077613 0.231811
0 0.886572 0.444772 0.099356 0.160833
0 0.541116 0.461083 0.060006 0.155167
0 0.813472 0.430039 0.089781 0.173700
0 0.292459 0.179994 0.050769 0.125833
0 0.257788 0.468944 0.069400 0.155000
0 0.190781 0.176472 0.056575 0.090744
0 0.027484 0.185433 0.054968 0.093244
0 0.402300 0.460800 0.054637 0.145133
0 0.076403 0.182733 0.065494 0.093111
0 0.556887 0.653072 0.076475 0.195989
0 0.588206 0.164539 0.046712 0.088967
0 0.697378 0.156728 0.055944 0.095233
0 0.321519 0.469428 0.067862 0.158967
0 0.848106 0.151928 0.073125 0.099278
0 0.951094 0.624861 0.097475 0.181278
0 0.745728 0.156761 0.059644 0.095011
0 0.988781 0.572917 0.022013 0.077456
0 0.980131 0.412333 0.039400 0.114178
0 0.980134 0.434344 0.039331 0.157244
