0 0.720994 0.643594 0.100512 0.221344
0 0.798891 0.631806 0.098456 0.188967
0 0.639369 0.640550 0.080213 0.203922
0 0.809691 0.433817 0.091131 0.144811
0 0.883141 0.638267 0.110294 0.207089
0 0.389041 0.653233 0.066831 0.217756
0 0.402687 0.466211 0.056087 0.143400
0 0.468806 0.456394 0.053825 0.152456
0 0.540331 0.455189 0.061050 0.170489
0 0.675881 0.452589 0.078363 0.151267
0 0.026906 0.465878 0.053575 0.169022
0 0.740287 0.440856 0.083375 0.151956
0 0.875800 0.423633 0.106037 0.157689
0 0.949500 0.435983 0.100700 0.164456
0 0.609088 0.453661 0.065013 0.136633
0 0.475019 0.649783 0.060912 0.176700
0 0.950213 0.625261 0.099288 0.187189
0 0.234200 0.187289 0.053350 0.123067
0 0.180712 0.176222 0.057237 0.111400
0 0.291038 0.180472 0.050963 0.125922
0 0.252941 0.469528 0.066331 0.143700
0 0.468438 0.177067 0.041887 0.090822
0 0.556719 0.644039 0.075125 0.195056
0 0.321303 0.457117 0.064044 0.140589
0 0.794900 0.149322 0.060538 0.089089
0 0.688175 0.154850 0.049562 0.078367
0 0.642119 0.160867 0.055788 0.096556
0 0.843694 0.153878 0.061900 0.092489
0 0.744384 0.155333 0.074056 0.108244
0 0.130375 0.175283 0.059925 0.111589
0 0.028181 0.190928 0.056238 0.118678
0 0.077528 0.182250 0.058456 0.092789
0 0.987284 0.396367 0.025006 0.059111
0 0.305662 0.656589 0.068475 0.207733
