0 0.400081 0.631900 0.066975 0.243622
0 0.879750 0.437778 0.103475 0.158022
0 0.544834 0.457822 0.056906 0.169556
0 0.217172 0.668078 0.093631 0.235933
0 0.466919 0.174072 0.042338 0.089567
0 0.802750 0.636194 0.109975 0.220478
0 0.750988 0.443378 0.088313 0.161622
0 0.186713 0.167489 0.051887 0.105733
0 0.294456 0.174750 0.046188 0.078389
0 0.237081 0.169878 0.047325 0.106956
0 0.856563 0.155883 0.070413 0.123789
0 0.082047 0.471061 0.086506 0.170122
0 0.128856 0.175089 0.060100 0.121778
0 0.323056 0.463078 0.058838 0.151000
0 0.700606 0.159511 0.059350 0.095000
0 0.484816 0.650272 0.063381 0.204811
0 0.796441 0.153478 0.067619 0.094844
0 0.983841 0.554233 0.031894 0.075556
0 0.632150 0.630567 0.080125 0.225667
0 0.632066 0.630594 0.080619 0.224700
0 0.015800 0.188322 0.031400 0.064244
