0 0.398903 0.644556 0.068656 0.221733
0 0.799091 0.635539 0.096969 0.227522
0 0.309934 0.645606 0.076981 0.217078
0 0.721566 0.636900 0.097631 0.219178
0 0.954575 0.626539 0.090437 0.211300
0 0.880572 0.625594 0.118619 0.219367
0 0.331584 0.453378 0.058344 0.145800
0 0.077884 0.186767 0.063394 0.091022
0 0.233478 0.180867 0.053306 0.125400
0 0.537353 0.439989 0.061244 0.180400
0 0.674322 0.449772 0.076706 0.154344
0 0.741681 0.436856 0.084238 0.159578
0 0.226056 0.663156 0.075862 0.210089
0 0.028544 0.180978 0.056950 0.119622
0 0.696181 0.151278 0.054212 0.111756
0 0.635997 0.626511 0.076469 0.209289
0 0.742400 0.154500 0.053925 0.084156
0 0.951506 0.438283 0.096600 0.163456
0 0.029234 0.471906 0.058144 0.187767
0 0.184728 0.167456 0.057769 0.125489
0 0.794475 0.158817 0.059862 0.085056
0 0.605722 0.454472 0.070394 0.149456
0 0.646516 0.165928 0.061394 0.094278
0 0.585231 0.176978 0.048475 0.099200
0 0.252481 0.469106 0.071500 0.174611
0 0.852375 0.153539 0.066087 0.120122
0 0.291150 0.170911 0.050025 0.101956
0 0.407784 0.451111 0.053069 0.143156
0 0.562638 0.631928 0.072225 0.205056
0 0.984953 0.569033 0.029644 0.101667
