0 0.556934 0.659567 0.072456 0.211022
0 0.307681 0.668478 0.071250 0.211933
0 0.799331 0.641089 0.096150 0.199867
0 0.946747 0.622056 0.106319 0.188578
0 0.474291 0.657789 0.066356 0.212244
0 0.714506 0.630372 0.088875 0.199900
0 0.391631 0.652050 0.067263 0.216678
0 0.319397 0.471850 0.058081 0.155989
0 0.747862 0.442322 0.083087 0.148711
0 0.607769 0.459572 0.065088 0.140167
0 0.874150 0.640472 0.096037 0.169967
0 0.677091 0.450761 0.071844 0.148989
0 0.470769 0.472872 0.056012 0.152278
0 0.536838 0.470278 0.059625 0.150644
0 0.238638 0.171133 0.051612 0.109489
0 0.879450 0.431728 0.089025 0.138278
0 0.392781 0.461139 0.054900 0.164211
0 0.635416 0.638817 0.080031 0.191033
0 0.133156 0.169006 0.062687 0.111944
0 0.814744 0.446994 0.084937 0.143633
0 0.292678 0.179478 0.051794 0.126667
0 0.026719 0.470833 0.053262 0.159978
0 0.531103 0.182239 0.043731 0.093278
0 0.032762 0.174378 0.062000 0.087489
0 0.077984 0.177817 0.068969 0.095611
0 0.696772 0.160633 0.053731 0.086689
0 0.186038 0.175328 0.053300 0.090078
0 0.848294 0.149178 0.067112 0.119644
0 0.978600 0.413761 0.042600 0.122967
0 0.946722 0.432244 0.095494 0.134889
0 0.984803 0.572472 0.029919 0.115544
0 0.213175 0.037283 0.100725 0.073678
0 0.213175 0.037283 0.100725 0.073678
