0 0.471659 0.643172 0.069031 0.228922
0 0.391919 0.676172 0.070738 0.214278
0 0.305881 0.665761 0.073813 0.206944
0 0.714184 0.647439 0.091181 0.224500
0 0.881275 0.629611 0.103750 0.224733
0 0.676741 0.462622 0.074369 0.155644
0 0.946822 0.430478 0.105669 0.158333
0 0.556325 0.645817 0.077175 0.221922
0 0.807969 0.432167 0.085675 0.141133
0 0.881838 0.436856 0.090237 0.142178
0 0.638678 0.645083 0.072456 0.178900
0 0.026687 0.474539 0.053175 0.159500
0 0.322972 0.474250 0.063794 0.155322
0 0.130528 0.184872 0.063081 0.114478
0 0.183150 0.184539 0.062988 0.122744
0 0.081178 0.178456 0.063181 0.114178
0 0.031328 0.183067 0.062656 0.116000
0 0.463991 0.457539 0.057056 0.150167
0 0.466697 0.182167 0.040656 0.091511
0 0.800125 0.155300 0.066162 0.114578
0 0.239381 0.193622 0.052763 0.100022
0 0.606137 0.462867 0.069737 0.155067
0 0.987781 0.582406 0.024000 0.091522
0 0.641994 0.169822 0.055675 0.095889
0 0.296772 0.186089 0.050006 0.119044
0 0.402638 0.178289 0.043575 0.092222
0 0.696281 0.154250 0.058838 0.090056
0 0.855078 0.160239 0.063969 0.086767
0 0.981194 0.407450 0.037413 0.104567
