0 0.397803 0.647533 0.065381 0.208067
0 0.797791 0.640894 0.108894 0.219922
0 0.880387 0.634678 0.118788 0.216756
0 0.131359 0.189311 0.066794 0.116156
0 0.317009 0.654517 0.062194 0.212078
0 0.291831 0.171950 0.045437 0.080122
0 0.077334 0.188206 0.067831 0.116567
0 0.745216 0.161122 0.061781 0.094444
0 0.644284 0.160833 0.052706 0.097556
0 0.237847 0.169939 0.054856 0.109767
0 0.470075 0.446344 0.055750 0.161600
0 0.029447 0.190494 0.058781 0.098522
0 0.803109 0.160994 0.078144 0.109744
0 0.986250 0.566428 0.027037 0.113922
0 0.277159 0.480039 0.067531 0.159944
0 0.980094 0.404722 0.039675 0.110156
0 0.985272 0.104528 0.029031 0.081144
0 0.002447 0.590617 0.004719 0.066856
