0 0.472325 0.651906 0.066388 0.210211
0 0.718731 0.637683 0.090188 0.228700
0 0.299513 0.644772 0.073275 0.205078
0 0.869884 0.608539 0.109806 0.223278
0 0.944756 0.620856 0.110137 0.189089
0 0.387572 0.655728 0.069506 0.218433
0 0.027934 0.485000 0.055669 0.164489
0 0.632347 0.634011 0.078019 0.221978
0 0.675322 0.441200 0.077306 0.148044
0 0.600387 0.453033 0.072637 0.162133
0 0.180903 0.181322 0.056681 0.091844
0 0.326928 0.464044 0.061131 0.150178
0 0.533687 0.457311 0.059737 0.149089
0 0.398213 0.465206 0.054000 0.150744
0 0.795266 0.632083 0.092194 0.171256
0 0.125716 0.173950 0.062619 0.113100
0 0.641447 0.166322 0.055506 0.096556
0 0.023916 0.183867 0.047706 0.119067
0 0.235425 0.175711 0.052250 0.088889
0 0.981653 0.411178 0.036519 0.099533
0 0.984313 0.557733 0.030925 0.125822
0 0.792169 0.152817 0.059950 0.088611
0 0.468813 0.458844 0.055587 0.138889
0 0.524653 0.174400 0.043731 0.091111
0 0.744462 0.157772 0.062588 0.094922
0 0.810156 0.439183 0.085350 0.143944
0 0.810075 0.439467 0.085437 0.144267
