0 0.401847 0.647067 0.062994 0.237489
0 0.561197 0.634006 0.071894 0.209967
0 0.315894 0.663633 0.079637 0.224022
0 0.637813 0.619489 0.082525 0.201978
0 0.716162 0.616994 0.086687 0.189678
0 0.944703 0.617206 0.110431 0.199256
0 0.479822 0.637539 0.063656 0.187856
0 0.029350 0.478044 0.058450 0.160911
0 0.801969 0.633411 0.108350 0.217822
0 0.540700 0.443606 0.061238 0.173278
0 0.813550 0.441961 0.090925 0.164211
0 0.239247 0.182189 0.053331 0.117578
0 0.131266 0.189733 0.061769 0.090578
0 0.466956 0.453156 0.057050 0.161756
0 0.743791 0.442639 0.081931 0.132767
0 0.291509 0.181661 0.050319 0.126211
0 0.074122 0.187256 0.065856 0.114600
0 0.405469 0.456572 0.054025 0.141722
0 0.530387 0.179550 0.043200 0.091833
0 0.462634 0.176017 0.042181 0.089700
0 0.696959 0.159772 0.053569 0.084722
0 0.324747 0.473644 0.065069 0.156489
0 0.186972 0.183161 0.057919 0.098367
0 0.674469 0.443744 0.069600 0.148733
0 0.848800 0.149367 0.067625 0.119533
0 0.750172 0.157900 0.073656 0.105756
0 0.985141 0.577744 0.029269 0.129400
0 0.941794 0.423300 0.104125 0.146333
0 0.979128 0.415533 0.041531 0.134533
0 0.004516 0.157250 0.008894 0.051989
0 0.002250 0.617083 0.004363 0.051389
