0 0.633328 0.651139 0.078744 0.205367
0 0.882484 0.639100 0.123256 0.216000
0 0.880816 0.454644 0.101931 0.160022
0 0.294884 0.649844 0.074956 0.233044
0 0.797997 0.628072 0.098394 0.224078
0 0.472203 0.676794 0.065431 0.201856
0 0.674578 0.445667 0.074106 0.164711
0 0.946775 0.631328 0.106000 0.200056
0 0.029087 0.495106 0.058174 0.163122
0 0.054678 0.028078 0.074669 0.055933
0 0.320116 0.469967 0.063331 0.151400
0 0.130494 0.179178 0.056037 0.087533
0 0.402687 0.478233 0.056725 0.144133
0 0.639597 0.171533 0.051469 0.096933
0 0.978956 0.430128 0.041875 0.119589
0 0.554512 0.656972 0.067750 0.193078
0 0.688672 0.168533 0.057194 0.093667
0 0.027800 0.181117 0.055375 0.093456
0 0.489781 0.072628 0.112775 0.106633
0 0.748597 0.171150 0.067556 0.103967
0 0.294831 0.194611 0.051925 0.100444
0 0.184916 0.179978 0.055731 0.096000
0 0.392919 0.654733 0.062337 0.172756
0 0.981981 0.583222 0.035925 0.104889
0 0.847959 0.166861 0.077119 0.097722
0 0.716331 0.637250 0.087725 0.193767
