0 0.385809 0.656694 0.068906 0.216678
0 0.718341 0.637122 0.089931 0.227822
0 0.288837 0.661717 0.076075 0.214656
0 0.793906 0.632072 0.093075 0.170722
0 0.674403 0.440794 0.077019 0.147456
0 0.325959 0.464417 0.061581 0.152589
0 0.027247 0.485217 0.054256 0.165900
0 0.599813 0.452500 0.072188 0.161533
0 0.471806 0.647567 0.064988 0.200200
0 0.532587 0.456339 0.059600 0.148056
0 0.179872 0.179450 0.056669 0.090967
0 0.551225 0.635333 0.067550 0.192267
0 0.845884 0.138922 0.067156 0.117956
0 0.467613 0.457828 0.055563 0.138922
0 0.397478 0.464172 0.054106 0.151367
0 0.124150 0.173328 0.061662 0.114211
0 0.462359 0.174328 0.040006 0.091233
0 0.233475 0.174856 0.050763 0.088689
0 0.743447 0.156883 0.062531 0.094411
0 0.065356 0.184667 0.075000 0.123178
0 0.791762 0.153011 0.059112 0.088356
0 0.021694 0.183278 0.043312 0.119844
0 0.523844 0.174144 0.042512 0.092267
0 0.640728 0.167406 0.055119 0.096478
0 0.981006 0.412922 0.037825 0.101578
0 0.395888 0.171022 0.045425 0.107111
0 0.282388 0.173894 0.059550 0.109522
0 0.631803 0.633617 0.077619 0.221678
