0 0.303553 0.655944 0.079031 0.216089
0 0.801084 0.643461 0.104319 0.196856
0 0.875247 0.630844 0.110656 0.192667
0 0.639494 0.637189 0.082913 0.191978
0 0.475691 0.639706 0.061056 0.174411
0 0.063719 0.516400 0.097525 0.209489
0 0.256159 0.553822 0.067744 0.174111
0 0.805022 0.431772 0.098681 0.160344
0 0.331356 0.463544 0.060687 0.146533
0 0.687087 0.455267 0.076912 0.172356
0 0.945306 0.621650 0.109150 0.214989
0 0.400084 0.464539 0.057269 0.151633
0 0.606469 0.451778 0.065537 0.141422
0 0.875213 0.424650 0.094537 0.150122
0 0.293641 0.182722 0.051619 0.125911
0 0.751753 0.460306 0.082756 0.174589
0 0.180859 0.181050 0.054419 0.088633
0 0.752256 0.159967 0.063075 0.119889
0 0.394881 0.660111 0.062112 0.212400
0 0.129144 0.172483 0.060838 0.110433
0 0.237247 0.181633 0.055594 0.124733
0 0.538809 0.460600 0.061044 0.140022
0 0.029809 0.476739 0.059469 0.159656
0 0.472066 0.463611 0.057319 0.151800
0 0.797959 0.154728 0.067031 0.093389
0 0.948647 0.429111 0.096781 0.136756
0 0.075491 0.186544 0.061881 0.091667
0 0.028678 0.188956 0.057244 0.110556
0 0.646409 0.168694 0.057919 0.097700
0 0.720837 0.651989 0.092325 0.209089
0 0.557288 0.655033 0.071638 0.211644
0 0.843028 0.149661 0.061481 0.085344
0 0.700112 0.160883 0.067275 0.121989
0 0.981444 0.565778 0.036987 0.122200
0 0.980544 0.405817 0.038650 0.113856
0 0.721025 0.652189 0.092375 0.209778
0 0.700112 0.160883 0.067275 0.121989
