0 0.557600 0.660728 0.071750 0.211167
0 0.946697 0.621994 0.106331 0.186767
0 0.795750 0.631217 0.093825 0.224322
0 0.307778 0.670183 0.071844 0.211478
0 0.401319 0.461789 0.053488 0.146067
0 0.815375 0.447844 0.084962 0.143800
0 0.633691 0.626472 0.073481 0.174522
0 0.030812 0.473950 0.061262 0.175433
0 0.077500 0.178711 0.069150 0.097267
0 0.389503 0.658267 0.073094 0.217956
0 0.677456 0.451622 0.070575 0.148867
0 0.537716 0.472044 0.059869 0.149333
0 0.319572 0.473656 0.058994 0.157578
0 0.608025 0.460011 0.066562 0.138911
0 0.642463 0.169111 0.057325 0.124333
0 0.474806 0.645083 0.056825 0.174700
0 0.875709 0.639783 0.094931 0.168056
0 0.879913 0.434006 0.088337 0.139411
0 0.715191 0.630411 0.087431 0.203111
0 0.133306 0.169467 0.063338 0.113711
0 0.032894 0.174789 0.062400 0.089022
0 0.747016 0.156811 0.063831 0.108356
0 0.470197 0.473183 0.055044 0.150300
0 0.692278 0.161322 0.063094 0.084200
0 0.848947 0.150311 0.067656 0.121422
0 0.794412 0.154594 0.061050 0.089656
0 0.186313 0.177017 0.053875 0.089678
0 0.978972 0.404883 0.041881 0.113344
0 0.403309 0.182111 0.043531 0.098667
0 0.982166 0.573844 0.035619 0.108156
0 0.156409 0.038489 0.102894 0.076578
0 0.004209 0.155083 0.008331 0.044856
0 0.156409 0.038489 0.102894 0.076578
