0 0.306269 0.668133 0.071737 0.211178
0 0.798919 0.638978 0.103837 0.224422
0 0.717488 0.640239 0.093350 0.215722
0 0.950016 0.625628 0.099631 0.194544
0 0.809825 0.436906 0.094425 0.159878
0 0.634587 0.638606 0.084312 0.223056
0 0.533978 0.447011 0.055281 0.143067
0 0.745547 0.448328 0.082719 0.148122
0 0.321187 0.465339 0.056863 0.147722
0 0.875278 0.623172 0.108756 0.184344
0 0.480791 0.630172 0.058144 0.172767
0 0.467694 0.445867 0.053838 0.128822
0 0.948644 0.431344 0.100575 0.150556
0 0.405712 0.469306 0.054738 0.145744
0 0.679587 0.455822 0.071975 0.152289
0 0.525728 0.184544 0.041881 0.092067
0 0.552966 0.629933 0.068406 0.192200
0 0.028259 0.175894 0.056431 0.088789
0 0.610903 0.452544 0.064706 0.154756
0 0.178869 0.169667 0.056825 0.109956
0 0.080097 0.175406 0.058906 0.114456
0 0.234063 0.181194 0.054738 0.122278
0 0.293156 0.178872 0.050912 0.126900
0 0.852731 0.154122 0.061650 0.120600
0 0.741941 0.155006 0.053844 0.082989
0 0.877816 0.424678 0.096531 0.176622
0 0.642572 0.161917 0.057319 0.095789
0 0.128587 0.177628 0.059037 0.093233
0 0.793672 0.151350 0.072856 0.105589
0 0.987169 0.576567 0.025225 0.097444
0 0.023922 0.485139 0.047606 0.161211
0 0.982547 0.408672 0.034731 0.095611
0 0.396637 0.657811 0.061550 0.207422
0 0.229263 0.038156 0.129738 0.075533
