0 0.878712 0.629133 0.114775 0.215667
0 0.475156 0.654678 0.070837 0.219778
0 0.392222 0.668039 0.070031 0.213722
0 0.948569 0.625739 0.102462 0.222900
0 0.797184 0.641478 0.112944 0.222178
0 0.639256 0.647261 0.082737 0.210211
0 0.749106 0.448650 0.080937 0.173967
0 0.873762 0.422283 0.084138 0.133389
0 0.811988 0.437456 0.081275 0.142956
0 0.718219 0.637650 0.082187 0.178233
0 0.403056 0.463989 0.054688 0.143956
0 0.038684 0.675072 0.077056 0.226322
0 0.322550 0.469739 0.059950 0.151567
0 0.671319 0.439333 0.081025 0.159800
0 0.538747 0.457656 0.058931 0.148022
0 0.600637 0.457806 0.069400 0.148211
0 0.466681 0.445094 0.054288 0.130011
0 0.027441 0.188261 0.054744 0.120500
0 0.746194 0.156089 0.062263 0.093778
0 0.694303 0.160178 0.058106 0.093289
0 0.558428 0.652050 0.072294 0.207589
0 0.235219 0.184428 0.053937 0.112544
0 0.307384 0.657556 0.071394 0.208489
0 0.292862 0.181983 0.053437 0.127056
0 0.134316 0.175656 0.059906 0.117778
0 0.185169 0.179700 0.055175 0.111533
0 0.952069 0.443178 0.095162 0.149156
0 0.642900 0.161150 0.057300 0.096233
0 0.797078 0.159317 0.062444 0.092189
0 0.853175 0.161061 0.063213 0.089678
0 0.029316 0.472861 0.058319 0.185900
0 0.074588 0.188828 0.069612 0.125856
0 0.982353 0.396572 0.035031 0.083033
