0 0.297784 0.679567 0.077319 0.202844
0 0.381491 0.673417 0.066419 0.205833
0 0.601556 0.440333 0.067400 0.143511
0 0.210631 0.675739 0.098687 0.239011
0 0.879256 0.437272 0.098250 0.160544
0 0.870300 0.611928 0.122037 0.216922
0 0.535869 0.454433 0.061288 0.149089
0 0.322066 0.468817 0.062944 0.158433
0 0.245684 0.478672 0.071906 0.163856
0 0.407331 0.043506 0.090875 0.064144
0 0.468528 0.449906 0.052819 0.130656
0 0.676484 0.451272 0.078406 0.158878
0 0.695469 0.157700 0.058925 0.091222
0 0.469466 0.645067 0.069544 0.221222
0 0.035437 0.650383 0.070688 0.212300
0 0.743916 0.443283 0.076569 0.140544
0 0.026928 0.471328 0.053556 0.186678
0 0.132903 0.165817 0.059381 0.111611
0 0.463319 0.175828 0.044763 0.091678
0 0.562562 0.659233 0.073337 0.195600
0 0.290928 0.179711 0.050094 0.126467
0 0.642091 0.162217 0.054906 0.097700
0 0.746300 0.156950 0.057638 0.086011
0 0.399822 0.468283 0.056394 0.145678
0 0.079000 0.177156 0.060800 0.089444
0 0.795525 0.620439 0.106575 0.219389
0 0.796578 0.152694 0.066194 0.093456
0 0.187759 0.168389 0.056231 0.087667
0 0.847144 0.154733 0.059987 0.096222
0 0.027456 0.182528 0.054875 0.098944
0 0.236178 0.173789 0.048269 0.089844
0 0.948472 0.433750 0.100206 0.167256
0 0.951041 0.616806 0.097631 0.171744
0 0.981128 0.411350 0.037719 0.120256
0 0.985941 0.561617 0.027669 0.128744
0 0.645516 0.651733 0.087406 0.203267
0 0.645353 0.652061 0.087206 0.203344
0 0.720422 0.630489 0.084994 0.196644
