0 0.395928 0.659589 0.062144 0.210622
0 0.555231 0.631306 0.071050 0.216056
0 0.315350 0.665967 0.078550 0.220022
0 0.721294 0.651461 0.093088 0.209500
0 0.948816 0.625589 0.101994 0.224156
0 0.751509 0.460306 0.085431 0.173344
0 0.331922 0.464228 0.060806 0.149233
0 0.229700 0.184117 0.053075 0.117789
0 0.030806 0.475533 0.061275 0.158400
0 0.799597 0.642572 0.108056 0.195700
0 0.471566 0.464950 0.054869 0.155078
0 0.076303 0.191339 0.067131 0.093656
0 0.180703 0.181494 0.053631 0.089478
0 0.947594 0.429128 0.096925 0.136989
0 0.843834 0.149706 0.060706 0.084944
0 0.795697 0.155561 0.067631 0.093678
0 0.749828 0.160778 0.067069 0.118733
0 0.983959 0.578867 0.031619 0.104356
0 0.630819 0.636944 0.077088 0.221689
