0 0.308303 0.668222 0.074406 0.208022
0 0.950653 0.626150 0.098344 0.196900
0 0.798734 0.639339 0.103119 0.223211
0 0.876816 0.623128 0.109594 0.183233
0 0.397344 0.657561 0.061925 0.205233
0 0.718144 0.640828 0.093138 0.217433
0 0.948578 0.431944 0.100919 0.151978
0 0.810913 0.437533 0.094150 0.161022
0 0.029050 0.175978 0.058012 0.091533
0 0.535656 0.446183 0.058425 0.172744
0 0.083206 0.176083 0.060587 0.112544
0 0.695150 0.165278 0.058250 0.096733
0 0.794662 0.159500 0.063875 0.102622
0 0.877844 0.424528 0.096875 0.176744
0 0.321644 0.465294 0.056575 0.147500
0 0.237347 0.172333 0.057494 0.129133
0 0.742028 0.155472 0.053956 0.082567
0 0.602541 0.455511 0.066244 0.159667
0 0.467809 0.459589 0.060794 0.165889
0 0.643297 0.162189 0.057481 0.096622
0 0.130953 0.181722 0.060969 0.089467
0 0.555188 0.628328 0.066200 0.190944
0 0.023862 0.486744 0.047450 0.161933
0 0.852409 0.154261 0.066356 0.120211
0 0.396069 0.465967 0.053475 0.156422
0 0.483441 0.630006 0.053256 0.172411
0 0.404413 0.192467 0.044163 0.096667
0 0.448653 0.066256 0.134944 0.110578
