0 0.555575 0.640294 0.072775 0.224300
0 0.947044 0.612106 0.105563 0.200100
0 0.719306 0.631283 0.092637 0.205633
0 0.475300 0.651250 0.071737 0.228144
0 0.221400 0.664189 0.081275 0.206711
0 0.075000 0.183283 0.061000 0.119389
0 0.947937 0.424706 0.103800 0.168700
0 0.632209 0.636844 0.073919 0.191178
0 0.394294 0.470361 0.053250 0.160033
0 0.679663 0.441683 0.071500 0.143544
0 0.128972 0.175689 0.060256 0.092067
0 0.590766 0.171417 0.048044 0.094744
0 0.178344 0.182828 0.057862 0.126944
0 0.796816 0.142850 0.060994 0.112033
0 0.027509 0.184011 0.054881 0.086244
0 0.024713 0.473294 0.049175 0.202078
0 0.611966 0.451939 0.068144 0.154744
0 0.325034 0.475006 0.059856 0.160811
0 0.694050 0.160117 0.063100 0.094456
0 0.849138 0.145422 0.063400 0.108578
0 0.296528 0.177328 0.048969 0.113811
