0 0.299175 0.670811 0.077750 0.209333
0 0.883016 0.643478 0.118656 0.211689
0 0.386694 0.668172 0.065025 0.201611
0 0.800191 0.640194 0.101206 0.206233
0 0.719184 0.632878 0.091406 0.204756
0 0.473966 0.653272 0.071981 0.229878
0 0.813734 0.445406 0.093231 0.161789
0 0.946850 0.612278 0.105963 0.200689
0 0.642403 0.642978 0.087319 0.220556
0 0.747262 0.453122 0.082638 0.148378
0 0.402225 0.450611 0.058037 0.139622
0 0.467894 0.466789 0.061025 0.158711
0 0.885984 0.438567 0.091831 0.158867
0 0.073959 0.492578 0.086644 0.161844
0 0.611406 0.451322 0.068900 0.150311
0 0.219934 0.662522 0.081131 0.200622
0 0.177628 0.182167 0.058269 0.125489
0 0.541200 0.460667 0.055262 0.146089
0 0.024900 0.496556 0.049662 0.158733
0 0.074097 0.183144 0.061231 0.118578
0 0.470303 0.167478 0.044919 0.100067
0 0.590219 0.172839 0.048200 0.095367
0 0.238847 0.184567 0.050381 0.099044
0 0.679266 0.457400 0.070806 0.150067
0 0.796438 0.144183 0.059538 0.112478
0 0.295578 0.177239 0.049056 0.112389
0 0.555806 0.641300 0.072525 0.224978
0 0.848456 0.146144 0.061613 0.107422
0 0.323912 0.473528 0.061700 0.156544
0 0.128291 0.175183 0.060444 0.090522
0 0.693863 0.160589 0.063988 0.095022
0 0.027206 0.184600 0.054275 0.090089
0 0.948016 0.423233 0.101256 0.171200
0 0.747219 0.159778 0.054350 0.085422
0 0.644562 0.166572 0.058713 0.095767
0 0.004966 0.621461 0.009869 0.089367
0 0.989028 0.589928 0.021506 0.108122
