0 0.304159 0.663222 0.075069 0.208644
0 0.947894 0.623356 0.103813 0.222733
0 0.639084 0.645178 0.083419 0.208778
0 0.389437 0.656678 0.065900 0.204911
0 0.877550 0.625389 0.115975 0.211289
0 0.520325 0.082472 0.091512 0.068611
0 0.266747 0.048156 0.081844 0.068556
0 0.322381 0.467856 0.058150 0.151089
0 0.538394 0.464722 0.061363 0.166489
0 0.816878 0.432528 0.099006 0.168278
0 0.748444 0.447900 0.080875 0.173756
0 0.031187 0.471217 0.062337 0.185944
0 0.074406 0.188250 0.070250 0.123878
0 0.980919 0.410139 0.037937 0.113367
0 0.418056 0.047333 0.068837 0.065756
0 0.182628 0.186133 0.053544 0.094978
0 0.746019 0.155722 0.063075 0.094267
0 0.234041 0.184189 0.052844 0.099378
0 0.390937 0.467600 0.056050 0.147200
0 0.003075 0.166383 0.006062 0.043011
