0 0.553553 0.630650 0.071919 0.218478
0 0.632369 0.621444 0.078488 0.193556
0 0.302709 0.665900 0.077431 0.199422
0 0.877206 0.636578 0.103562 0.225844
0 0.794200 0.633383 0.098250 0.232233
0 0.389675 0.669133 0.068750 0.214000
0 0.033053 0.479261 0.066069 0.195656
0 0.809463 0.437211 0.090850 0.160822
0 0.945731 0.609361 0.108238 0.198456
0 0.754841 0.162733 0.059619 0.112511
0 0.322441 0.469028 0.060144 0.160278
0 0.467606 0.447128 0.057225 0.165167
0 0.740156 0.442550 0.077988 0.148767
0 0.475863 0.641422 0.061988 0.189289
0 0.238306 0.181194 0.051450 0.122056
0 0.671038 0.432072 0.074538 0.142300
0 0.642834 0.161528 0.054844 0.097767
0 0.603641 0.434044 0.070519 0.156111
0 0.532944 0.446728 0.056075 0.140478
0 0.130456 0.168000 0.057462 0.111822
0 0.397609 0.468867 0.055119 0.146622
0 0.469625 0.181033 0.040775 0.091844
0 0.291413 0.179239 0.049612 0.127344
0 0.800506 0.156700 0.056612 0.082778
0 0.079559 0.172539 0.062381 0.110478
0 0.186653 0.182117 0.056731 0.089833
0 0.985197 0.565806 0.029156 0.102100
0 0.705325 0.165511 0.062550 0.103222
0 0.878472 0.434206 0.087631 0.139278
0 0.945497 0.425156 0.098369 0.145400
0 0.030381 0.176839 0.060762 0.089500
0 0.847700 0.155161 0.063738 0.092722
0 0.983528 0.412561 0.032519 0.102744
0 0.714750 0.621178 0.086375 0.192200
