0 0.301169 0.657567 0.079275 0.215178
0 0.473788 0.639472 0.067775 0.216478
0 0.952725 0.634511 0.094162 0.204178
0 0.721931 0.642483 0.091062 0.206678
0 0.560088 0.645189 0.073212 0.220200
0 0.804647 0.631994 0.104906 0.200633
0 0.242103 0.164544 0.051656 0.111178
0 0.185150 0.170656 0.058600 0.123667
0 0.883859 0.630061 0.098731 0.177233
0 0.747234 0.451789 0.086769 0.164489
0 0.027972 0.186322 0.055806 0.127800
0 0.468328 0.450844 0.053619 0.130778
0 0.130862 0.184994 0.062287 0.116478
0 0.799466 0.153467 0.064706 0.114844
0 0.680153 0.451561 0.072556 0.147478
0 0.885744 0.445217 0.096225 0.152233
0 0.698744 0.161200 0.055150 0.095022
0 0.751928 0.159972 0.060144 0.095767
0 0.952378 0.443472 0.094719 0.154589
0 0.813809 0.445483 0.086581 0.144744
0 0.639128 0.634656 0.077756 0.193267
0 0.324937 0.475306 0.056300 0.151278
0 0.605356 0.447189 0.063450 0.147778
0 0.851016 0.156289 0.063669 0.087044
0 0.590416 0.172467 0.049331 0.093578
0 0.537725 0.450778 0.065275 0.161800
0 0.648337 0.159544 0.052462 0.094133
0 0.521416 0.169683 0.044019 0.084367
0 0.407816 0.174767 0.041981 0.091733
0 0.029603 0.477317 0.058969 0.173522
0 0.985666 0.406861 0.028219 0.073522
0 0.392175 0.637489 0.063887 0.203867
0 0.076613 0.187000 0.064062 0.092178
0 0.295856 0.176156 0.048050 0.081356
0 0.232078 0.038783 0.131519 0.076367
0 0.986494 0.581528 0.026562 0.103100
0 0.403350 0.452378 0.054075 0.143822
