0 0.301166 0.688239 0.079244 0.205767
0 0.556116 0.646889 0.078719 0.219800
0 0.096037 0.452050 0.086075 0.179522
0 0.870594 0.620494 0.111388 0.226478
0 0.715750 0.625711 0.087200 0.208733
0 0.945603 0.624511 0.108506 0.227800
0 0.793441 0.633544 0.096044 0.198667
0 0.034409 0.469144 0.068356 0.153933
0 0.042594 0.647300 0.085188 0.225511
0 0.214206 0.693128 0.089300 0.205944
0 0.809850 0.432228 0.096088 0.150744
0 0.880472 0.434883 0.102706 0.157744
0 0.631100 0.643506 0.075438 0.212344
0 0.676072 0.454250 0.070769 0.158189
0 0.394650 0.633533 0.062275 0.195956
0 0.741437 0.441689 0.092762 0.171333
0 0.129037 0.188861 0.059050 0.090944
0 0.608303 0.459078 0.063606 0.150622
0 0.320975 0.479944 0.062588 0.157911
0 0.029063 0.186561 0.057950 0.115656
0 0.075456 0.178100 0.066075 0.112333
0 0.474703 0.472900 0.054806 0.156267
0 0.643850 0.161322 0.057087 0.095644
0 0.185497 0.180583 0.054856 0.089500
0 0.695309 0.152039 0.057269 0.110833
0 0.238662 0.178544 0.054250 0.124511
0 0.947441 0.434356 0.102906 0.145778
0 0.752250 0.166150 0.063525 0.096278
0 0.589603 0.170589 0.044231 0.089044
0 0.798422 0.155306 0.066919 0.093500
0 0.538972 0.458572 0.058219 0.160767
0 0.406741 0.461961 0.055344 0.143078
0 0.533784 0.170178 0.050644 0.119956
0 0.401397 0.178650 0.042219 0.096633
0 0.472988 0.655839 0.068100 0.199122
0 0.291294 0.183883 0.050163 0.093767
0 0.843769 0.150406 0.061863 0.086344
0 0.982091 0.586889 0.035356 0.140911
0 0.981972 0.413383 0.035606 0.107456
