0 0.306172 0.665750 0.072919 0.210811
0 0.798259 0.633917 0.097219 0.226189
0 0.877188 0.627628 0.109963 0.192478
0 0.396913 0.645417 0.069775 0.229011
0 0.227478 0.674417 0.075506 0.208633
0 0.715703 0.636989 0.096819 0.219467
0 0.945369 0.617039 0.109038 0.200211
0 0.677428 0.449222 0.075969 0.160867
0 0.746688 0.448033 0.080013 0.143289
0 0.404253 0.456056 0.055931 0.154956
0 0.607216 0.452278 0.064656 0.149133
0 0.538322 0.444956 0.065331 0.155444
0 0.180816 0.176400 0.052481 0.110556
0 0.796144 0.142128 0.059638 0.111811
0 0.881406 0.437772 0.086762 0.143256
0 0.635444 0.633800 0.077338 0.192067
0 0.694147 0.161622 0.059694 0.092933
0 0.327044 0.459539 0.059237 0.154500
0 0.848066 0.145072 0.060944 0.106411
0 0.033238 0.483300 0.066050 0.177111
0 0.745603 0.155794 0.058606 0.086522
0 0.645613 0.164294 0.055975 0.097878
0 0.818869 0.442550 0.102975 0.170233
0 0.473609 0.457250 0.056231 0.147100
0 0.466909 0.180517 0.040294 0.092433
0 0.240269 0.476578 0.072500 0.177467
0 0.557106 0.635800 0.071413 0.221911
0 0.240206 0.184950 0.053863 0.099456
0 0.073262 0.189772 0.064300 0.116167
0 0.478959 0.629467 0.062881 0.190689
0 0.027650 0.187050 0.055150 0.096167
0 0.949562 0.443294 0.093200 0.140322
0 0.126706 0.179611 0.067000 0.102489
0 0.291956 0.178589 0.045287 0.078800
0 0.055444 0.026789 0.090200 0.053578
0 0.983428 0.571739 0.032694 0.105433
0 0.977828 0.417928 0.044106 0.133011
