0 0.478416 0.630361 0.068581 0.212211
0 0.712906 0.627133 0.091463 0.202444
0 0.036706 0.679911 0.073163 0.232222
0 0.869619 0.616278 0.098575 0.185400
0 0.807881 0.424106 0.089812 0.175856
0 0.790959 0.623178 0.102469 0.220400
0 0.944437 0.621239 0.110650 0.197456
0 0.076366 0.486206 0.085831 0.150567
0 0.744628 0.437833 0.073994 0.154378
0 0.871409 0.415028 0.091356 0.143167
0 0.335331 0.460372 0.061288 0.156633
0 0.603578 0.436833 0.062394 0.145911
0 0.756331 0.169761 0.065425 0.121344
0 0.465975 0.180906 0.043987 0.092611
0 0.673578 0.434461 0.074944 0.157789
0 0.076625 0.179056 0.067125 0.122267
0 0.538216 0.439633 0.060156 0.166422
0 0.405350 0.460056 0.054437 0.143689
0 0.316937 0.653567 0.067450 0.185600
0 0.946209 0.415383 0.105794 0.154944
0 0.028709 0.477317 0.057181 0.152256
0 0.635506 0.631189 0.079412 0.192222
0 0.134341 0.167522 0.063969 0.122956
0 0.184759 0.178033 0.058531 0.096467
0 0.290581 0.183439 0.050050 0.126989
0 0.698806 0.165767 0.054387 0.104467
0 0.469191 0.442600 0.058519 0.157111
0 0.236075 0.179667 0.056900 0.092444
0 0.802859 0.160200 0.068406 0.086778
0 0.557622 0.608511 0.069419 0.185267
0 0.400506 0.642306 0.062887 0.189500
0 0.850144 0.151722 0.070663 0.093644
0 0.647169 0.165606 0.063600 0.108433
0 0.029163 0.180311 0.058150 0.094422
0 0.985719 0.576428 0.028125 0.122656
0 0.502725 0.037439 0.109375 0.073478
0 0.984231 0.409794 0.031088 0.105256
0 0.502725 0.037439 0.109375 0.073478
