0 0.301994 0.694617 0.081250 0.207833
0 0.801097 0.634756 0.103819 0.199222
0 0.392175 0.665444 0.071500 0.223511
0 0.887434 0.639272 0.113131 0.208056
0 0.028138 0.475744 0.055963 0.169733
0 0.744675 0.455483 0.087163 0.164233
0 0.817750 0.456750 0.086288 0.154189
0 0.716909 0.647989 0.080531 0.178800
0 0.678244 0.466900 0.074563 0.151356
0 0.026812 0.180050 0.053475 0.113700
0 0.544809 0.482756 0.064519 0.153089
0 0.611716 0.480406 0.067306 0.149189
0 0.402241 0.475633 0.057156 0.151444
0 0.474431 0.471956 0.056100 0.147756
0 0.075687 0.185494 0.062075 0.090922
0 0.556431 0.674339 0.070237 0.213344
0 0.753909 0.164900 0.058306 0.092400
0 0.185872 0.175633 0.053569 0.089600
0 0.325094 0.474844 0.062738 0.159511
0 0.131575 0.184339 0.060700 0.097322
0 0.976953 0.411872 0.045769 0.133656
0 0.639334 0.168728 0.054381 0.095211
0 0.851363 0.153339 0.071750 0.095433
0 0.474203 0.667561 0.064781 0.205567
0 0.701391 0.168350 0.067594 0.123944
0 0.236134 0.178361 0.064844 0.126233
0 0.995866 0.219311 0.007931 0.037889
0 0.701391 0.168350 0.067594 0.123944
0 0.636006 0.658489 0.080138 0.202267
0 0.236134 0.178361 0.064844 0.126233
