0 0.722063 0.623756 0.097662 0.210600
0 0.814166 0.437189 0.092644 0.179267
0 0.027756 0.472228 0.055237 0.181500
0 0.638419 0.637450 0.083625 0.207433
0 0.041281 0.028194 0.082187 0.056388
0 0.677722 0.439272 0.075731 0.167144
0 0.630962 0.163128 0.051712 0.097456
0 0.799325 0.617561 0.090775 0.171856
0 0.331322 0.481456 0.059569 0.151711
0 0.028631 0.190817 0.056937 0.123678
0 0.697838 0.162967 0.056762 0.088467
0 0.238606 0.185433 0.051050 0.092444
0 0.304600 0.665806 0.073588 0.216656
0 0.530594 0.435039 0.059400 0.151656
0 0.985406 0.566861 0.028737 0.104967
0 0.949469 0.613572 0.100650 0.220900
0 0.949488 0.613383 0.100600 0.220722
