0 0.472009 0.637194 0.065481 0.221656
0 0.078878 0.489461 0.080031 0.156367
0 0.639484 0.644556 0.086494 0.221711
0 0.469231 0.449644 0.052213 0.145022
0 0.746472 0.453661 0.086919 0.166456
0 0.256150 0.471528 0.066975 0.159389
0 0.610425 0.455228 0.068200 0.162033
0 0.556894 0.644917 0.070750 0.198389
0 0.533375 0.448417 0.062775 0.153656
0 0.328422 0.462028 0.060306 0.159544
0 0.595569 0.162261 0.053925 0.123789
0 0.677084 0.453667 0.077281 0.155089
0 0.949450 0.614661 0.100250 0.159722
0 0.718422 0.639000 0.091431 0.206556
0 0.950091 0.437339 0.099606 0.163989
0 0.746281 0.159644 0.059350 0.086711
0 0.291691 0.175861 0.053731 0.124100
0 0.212794 0.672300 0.083187 0.213644
0 0.816803 0.452678 0.093494 0.163733
0 0.882894 0.630967 0.114425 0.197733
0 0.790416 0.625833 0.099544 0.193578
0 0.848662 0.152444 0.066975 0.111156
0 0.405222 0.453878 0.054119 0.147067
0 0.882797 0.426850 0.092669 0.144544
0 0.307928 0.670833 0.074444 0.225067
0 0.386478 0.647594 0.062969 0.193744
0 0.693906 0.161000 0.059837 0.093400
0 0.463822 0.171133 0.047044 0.089156
0 0.181103 0.176778 0.054794 0.089644
0 0.798022 0.156189 0.065544 0.112267
0 0.643919 0.163861 0.054925 0.096344
0 0.073422 0.174733 0.061969 0.113111
0 0.238447 0.189867 0.055881 0.099044
0 0.127731 0.188528 0.057412 0.098567
0 0.537412 0.169672 0.042325 0.089344
0 0.984862 0.578322 0.029800 0.104000
0 0.026056 0.182944 0.052038 0.117156
0 0.029769 0.490911 0.059212 0.200000
0 0.015000 0.650639 0.029838 0.101900
