0 0.868257 0.404756 0.086149 0.144533
0 0.972494 0.393594 0.054700 0.140189
0 0.384184 0.616411 0.063031 0.193267
0 0.803487 0.408789 0.081650 0.138711
0 0.125522 0.138756 0.058044 0.110644
0 0.317769 0.446389 0.062512 0.149133
0 0.026503 0.162317 0.052756 0.105922
0 0.669628 0.421928 0.074756 0.136033
0 0.180272 0.145944 0.056469 0.088911
0 0.532203 0.425561 0.065031 0.159900
0 0.597281 0.424150 0.067587 0.149478
0 0.465750 0.436744 0.054562 0.162733
0 0.233869 0.150589 0.051950 0.089733
0 0.399469 0.440906 0.055075 0.141611
0 0.027681 0.454206 0.055087 0.161900
0 0.306633 0.634907 0.079258 0.209856
