0 0.803056 0.633139 0.108000 0.217700
0 0.638922 0.619028 0.081219 0.201167
0 0.561816 0.632056 0.072606 0.213533
0 0.316319 0.661633 0.079625 0.226511
0 0.870803 0.615689 0.100644 0.185222
0 0.348241 0.046417 0.085281 0.069944
0 0.643881 0.166917 0.053525 0.091256
0 0.132475 0.190289 0.063100 0.090911
0 0.813878 0.440083 0.091781 0.161811
0 0.715900 0.617050 0.086175 0.189322
0 0.978641 0.416300 0.042506 0.136178
0 0.291938 0.181578 0.051487 0.125311
0 0.697303 0.160383 0.053706 0.082767
0 0.405775 0.458178 0.053587 0.145111
0 0.325387 0.472422 0.064075 0.154267
0 0.606334 0.439811 0.070181 0.156244
0 0.849712 0.149522 0.068975 0.119444
0 0.984931 0.574506 0.029663 0.126300
0 0.945178 0.615828 0.109381 0.198344
0 0.004697 0.184583 0.009344 0.049944
0 0.945178 0.615928 0.109281 0.198700
