0 0.720444 0.641967 0.090813 0.233067
0 0.471897 0.637094 0.065756 0.222033
0 0.796350 0.623072 0.095150 0.199100
0 0.297897 0.645144 0.076306 0.195422
0 0.880906 0.635289 0.117662 0.218178
0 0.748703 0.441172 0.078506 0.142944
0 0.676084 0.445050 0.079481 0.155944
0 0.636825 0.627567 0.073550 0.191244
0 0.234759 0.176122 0.051206 0.112267
0 0.608006 0.450672 0.066075 0.150344
0 0.643791 0.161722 0.053206 0.098044
0 0.813812 0.440500 0.088500 0.146156
0 0.292353 0.182950 0.051169 0.126856
0 0.129112 0.189194 0.065062 0.116189
0 0.401966 0.474828 0.055256 0.160278
0 0.341506 0.477444 0.058238 0.133578
0 0.470584 0.448044 0.058344 0.163800
0 0.183475 0.177278 0.058963 0.124978
0 0.541419 0.457806 0.059488 0.148611
0 0.744553 0.144700 0.064444 0.128378
0 0.276316 0.481928 0.068706 0.161922
0 0.880519 0.429622 0.092450 0.140356
0 0.848128 0.138567 0.073169 0.120089
0 0.461706 0.170072 0.043700 0.087878
0 0.042394 0.573872 0.084513 0.178633
0 0.948750 0.428078 0.102275 0.158622
0 0.803941 0.160478 0.075906 0.110467
0 0.696212 0.157450 0.055137 0.092989
0 0.587831 0.163289 0.046662 0.092578
0 0.034009 0.026683 0.067869 0.053322
0 0.076631 0.189289 0.067600 0.116156
0 0.022725 0.485339 0.045237 0.170856
0 0.028941 0.190767 0.057881 0.096222
0 0.946200 0.624011 0.107500 0.213156
0 0.986000 0.562094 0.027513 0.102700
0 0.392234 0.639683 0.053419 0.146856
