0 0.720256 0.641689 0.089900 0.233156
0 0.297994 0.668250 0.079637 0.240522
0 0.881178 0.635989 0.118081 0.219733
0 0.814275 0.440606 0.087425 0.145744
0 0.676931 0.444717 0.078988 0.154189
0 0.797913 0.623167 0.093637 0.199600
0 0.945491 0.429861 0.108444 0.156011
0 0.749569 0.441128 0.078213 0.142144
0 0.473397 0.636889 0.063681 0.222178
0 0.276150 0.481289 0.068750 0.159733
0 0.636775 0.628617 0.073200 0.191367
0 0.745019 0.145144 0.065312 0.128511
0 0.541769 0.456072 0.059338 0.144278
0 0.605284 0.449728 0.058994 0.123544
0 0.234969 0.177217 0.052150 0.113344
0 0.644053 0.162128 0.052506 0.098544
0 0.130541 0.189750 0.066506 0.115900
0 0.470037 0.447056 0.054400 0.161622
0 0.022719 0.488606 0.045237 0.176700
0 0.183678 0.182839 0.061544 0.114567
0 0.804378 0.162800 0.075894 0.112067
0 0.341534 0.478383 0.059744 0.135678
0 0.696306 0.158489 0.055750 0.094600
0 0.076347 0.189744 0.068894 0.117356
0 0.403856 0.180550 0.047250 0.109389
0 0.588006 0.164133 0.046125 0.092622
0 0.402556 0.476056 0.055537 0.160267
0 0.092066 0.026267 0.093206 0.052533
0 0.553775 0.631861 0.066812 0.215878
0 0.946125 0.614817 0.107450 0.198478
0 0.029309 0.192222 0.058531 0.102111
0 0.393191 0.640611 0.052181 0.155400
0 0.985303 0.560878 0.028944 0.099000
0 0.092066 0.026267 0.093206 0.052533
