0 0.306169 0.670022 0.073275 0.210778
0 0.718422 0.637878 0.091669 0.211333
0 0.800134 0.635506 0.100019 0.217100
0 0.950394 0.626978 0.098875 0.195067
0 0.810288 0.437700 0.093525 0.160422
0 0.320891 0.466533 0.056869 0.148667
0 0.746322 0.448539 0.081719 0.146478
0 0.533859 0.447883 0.055981 0.143589
0 0.395756 0.466733 0.054138 0.157022
0 0.634656 0.638678 0.084062 0.224289
0 0.178769 0.170683 0.057062 0.110544
0 0.028413 0.175861 0.056738 0.090656
0 0.679856 0.456328 0.071825 0.151967
0 0.694572 0.165500 0.058544 0.096689
0 0.877541 0.424600 0.097506 0.177289
0 0.466925 0.458500 0.060587 0.163289
0 0.081825 0.176917 0.060038 0.113767
0 0.396725 0.658906 0.061638 0.208011
0 0.292419 0.180222 0.049938 0.126578
0 0.898894 0.032289 0.091637 0.062644
0 0.234009 0.182278 0.054769 0.122822
0 0.877287 0.622733 0.109012 0.180533
0 0.483003 0.631044 0.054956 0.172911
0 0.642806 0.162783 0.058187 0.096189
0 0.554391 0.629456 0.065706 0.189778
0 0.128513 0.180967 0.059287 0.089311
0 0.526750 0.185472 0.041600 0.092789
0 0.948159 0.430811 0.100431 0.148756
0 0.741656 0.155833 0.054238 0.083733
0 0.852287 0.155922 0.064812 0.123867
0 0.023463 0.491228 0.046738 0.168544
0 0.793737 0.151644 0.073275 0.106289
0 0.486797 0.037461 0.109869 0.072633
0 0.987297 0.577694 0.024969 0.098900
0 0.982562 0.418994 0.034425 0.115944
