0 0.469306 0.451278 0.052275 0.148089
0 0.639897 0.644817 0.085169 0.221944
0 0.654531 0.031150 0.089963 0.062033
0 0.077453 0.481278 0.101406 0.182244
0 0.213775 0.672194 0.085775 0.213522
0 0.677266 0.453233 0.077619 0.147800
0 0.881869 0.629928 0.118612 0.232122
0 0.305956 0.672794 0.079975 0.226900
0 0.817716 0.450578 0.090756 0.158578
0 0.533234 0.448811 0.061119 0.153778
0 0.182044 0.177028 0.054975 0.089611
0 0.405244 0.450939 0.054200 0.140656
0 0.798388 0.156167 0.065625 0.111800
0 0.882603 0.427111 0.093669 0.144467
0 0.588878 0.155083 0.051531 0.123522
0 0.473159 0.636572 0.062681 0.222256
0 0.949066 0.614400 0.101394 0.161267
0 0.251650 0.474061 0.065400 0.140744
0 0.601022 0.441539 0.066344 0.159167
0 0.746103 0.160106 0.058656 0.086544
0 0.747397 0.434450 0.086494 0.182789
0 0.848678 0.152628 0.066644 0.111522
0 0.386716 0.647172 0.062106 0.194233
0 0.074222 0.174928 0.062506 0.113589
0 0.291491 0.184339 0.052881 0.100567
0 0.328606 0.463567 0.060000 0.162844
0 0.693669 0.161311 0.060975 0.092889
0 0.537091 0.169600 0.041956 0.089378
0 0.238284 0.190733 0.054781 0.099978
0 0.556588 0.644206 0.069437 0.198833
0 0.128266 0.187583 0.057469 0.096122
0 0.026575 0.183939 0.053012 0.119167
0 0.719716 0.638089 0.091069 0.203289
0 0.642962 0.164006 0.057100 0.095522
0 0.408059 0.168511 0.045369 0.107689
0 0.949684 0.434961 0.099869 0.158611
0 0.029566 0.476656 0.058881 0.185933
0 0.984938 0.577261 0.029663 0.104189
0 0.468594 0.171439 0.046800 0.149656
0 0.789516 0.625122 0.103094 0.193311
0 0.789778 0.625339 0.103081 0.192878
