0 0.301522 0.686944 0.078981 0.205733
0 0.792416 0.633072 0.099044 0.200900
0 0.869903 0.619978 0.111406 0.226400
0 0.556031 0.645572 0.079175 0.220078
0 0.945541 0.622994 0.108656 0.227100
0 0.399944 0.457039 0.054488 0.161678
0 0.395234 0.632917 0.061744 0.194744
0 0.548341 0.450822 0.057169 0.157911
0 0.589772 0.170467 0.044044 0.089444
0 0.239441 0.177661 0.054956 0.123544
0 0.128509 0.189189 0.059244 0.090444
0 0.030553 0.186789 0.060806 0.115333
0 0.186153 0.180194 0.054419 0.089900
0 0.321375 0.479594 0.062887 0.157722
0 0.695769 0.152278 0.057800 0.112489
0 0.029872 0.087956 0.059669 0.063956
0 0.843906 0.149672 0.061625 0.085056
0 0.533972 0.169589 0.050581 0.118844
0 0.797516 0.155133 0.068881 0.094800
0 0.741244 0.441728 0.093112 0.172522
0 0.291606 0.185244 0.050200 0.096311
0 0.475066 0.655617 0.064219 0.197167
0 0.982341 0.583750 0.034856 0.115544
0 0.635006 0.078650 0.077175 0.067922
0 0.180781 0.037722 0.101687 0.075444
0 0.946669 0.434889 0.105650 0.150756
0 0.946672 0.434944 0.105794 0.149689
