0 0.610525 0.452972 0.066138 0.161967
0 0.239069 0.187817 0.054288 0.098433
0 0.291466 0.174183 0.052456 0.121078
0 0.469731 0.447244 0.051900 0.144600
0 0.183000 0.175389 0.054363 0.088244
0 0.128844 0.187022 0.056700 0.097578
0 0.329712 0.461611 0.060150 0.162400
0 0.030588 0.484228 0.061175 0.188122
0 0.309056 0.660050 0.074675 0.210900
0 0.533719 0.446567 0.061062 0.155533
0 0.406150 0.449483 0.053412 0.141633
0 0.643809 0.161783 0.055294 0.095100
0 0.797553 0.153550 0.067519 0.110233
0 0.677691 0.448628 0.077406 0.151278
0 0.961581 0.033822 0.075950 0.067644
