0 0.884228 0.642044 0.116219 0.210200
0 0.298619 0.671417 0.077213 0.209033
0 0.555131 0.641344 0.075575 0.222667
0 0.387203 0.668367 0.066519 0.199533
0 0.951647 0.633350 0.096256 0.197856
0 0.798491 0.640411 0.103556 0.207733
0 0.641922 0.642394 0.089006 0.220144
0 0.469337 0.467578 0.065013 0.160511
0 0.541666 0.464972 0.056444 0.156233
0 0.717609 0.631700 0.093081 0.203867
0 0.746603 0.452444 0.082956 0.149022
0 0.401159 0.472072 0.055819 0.143878
0 0.875556 0.425750 0.089187 0.137300
0 0.813863 0.444056 0.093963 0.161556
0 0.236625 0.164528 0.052038 0.109989
0 0.474637 0.653422 0.075950 0.229556
0 0.678869 0.464356 0.071638 0.166000
0 0.073247 0.492061 0.089469 0.160989
0 0.175984 0.182650 0.057219 0.126500
0 0.592516 0.033400 0.086606 0.065733
0 0.611094 0.454228 0.069725 0.157589
0 0.795756 0.142928 0.060812 0.112722
0 0.324800 0.475983 0.062700 0.162900
0 0.246806 0.485800 0.068825 0.150222
0 0.288159 0.178789 0.046319 0.102244
0 0.470194 0.177811 0.041063 0.091867
0 0.974816 0.405506 0.049994 0.139567
0 0.644581 0.166672 0.057875 0.097544
0 0.746828 0.158844 0.054331 0.085200
0 0.070294 0.187956 0.076500 0.118222
0 0.024747 0.496633 0.049344 0.157644
0 0.693306 0.160328 0.063537 0.096322
0 0.128216 0.185733 0.061969 0.097356
0 0.934509 0.414083 0.088894 0.124100
0 0.220131 0.662906 0.080113 0.199989
0 0.026109 0.184539 0.052119 0.087033
0 0.988947 0.576133 0.021681 0.080267
0 0.848038 0.144889 0.061425 0.106578
0 0.848044 0.144739 0.061575 0.106678
