0 0.301138 0.628083 0.078187 0.217967
0 0.473534 0.642428 0.067031 0.206922
0 0.890453 0.652417 0.110356 0.224767
0 0.077406 0.182650 0.063350 0.099100
0 0.133472 0.173622 0.062431 0.095800
0 0.031378 0.169217 0.062756 0.107300
0 0.027444 0.480761 0.054600 0.155100
0 0.795856 0.139839 0.066875 0.121100
0 0.186203 0.175394 0.053106 0.086744
0 0.334894 0.450928 0.060312 0.160767
0 0.403937 0.457272 0.053012 0.157700
0 0.748534 0.152661 0.062131 0.090078
0 0.459891 0.171978 0.042606 0.090556
0 0.844509 0.147239 0.061406 0.085833
0 0.540184 0.451622 0.062006 0.149000
0 0.556050 0.639144 0.068275 0.218467
0 0.948775 0.619750 0.101988 0.199433
0 0.981509 0.411033 0.036956 0.097222
0 0.003247 0.158833 0.006394 0.060133
