0 0.478966 0.657367 0.066244 0.233689
0 0.302669 0.672933 0.076137 0.201978
0 0.885300 0.640317 0.111263 0.231233
0 0.222981 0.664600 0.081163 0.222533
0 0.716775 0.633500 0.098600 0.222044
0 0.951116 0.637094 0.097406 0.206278
0 0.289447 0.179506 0.050744 0.114122
0 0.746966 0.442794 0.079706 0.138856
0 0.074756 0.181528 0.063325 0.092144
0 0.028503 0.473928 0.056781 0.182944
0 0.128200 0.178944 0.064200 0.092378
0 0.047944 0.024828 0.073475 0.049500
0 0.182025 0.183122 0.059987 0.099200
0 0.541075 0.460472 0.058775 0.154656
0 0.946087 0.433422 0.102925 0.154556
0 0.324356 0.466794 0.062588 0.153856
0 0.257797 0.468267 0.066656 0.153067
0 0.795522 0.154444 0.060806 0.090644
0 0.027409 0.186883 0.054644 0.101522
0 0.413297 0.174506 0.046481 0.109456
0 0.980038 0.430222 0.039588 0.148667
0 0.980069 0.406633 0.039663 0.102089
