0 0.478741 0.645611 0.064256 0.230956
0 0.309556 0.665511 0.072250 0.209400
0 0.638637 0.638050 0.087212 0.219433
0 0.721991 0.631683 0.086869 0.199033
0 0.949981 0.617078 0.099700 0.192044
0 0.873516 0.621461 0.111706 0.199967
0 0.473169 0.453594 0.060350 0.170722
0 0.898388 0.277983 0.117413 0.087278
0 0.390553 0.666833 0.069744 0.199978
0 0.793612 0.619406 0.095563 0.191233
0 0.748669 0.451467 0.082300 0.147444
0 0.882534 0.438517 0.093944 0.143967
0 0.560631 0.647622 0.064763 0.180111
0 0.677428 0.450628 0.070819 0.149211
0 0.190544 0.178483 0.053700 0.089478
0 0.321900 0.473344 0.061813 0.158711
0 0.030728 0.487994 0.061206 0.179611
0 0.799353 0.140611 0.065831 0.119711
0 0.135516 0.166939 0.058319 0.111411
0 0.401728 0.469428 0.053606 0.149389
0 0.608391 0.451083 0.065894 0.137878
0 0.814356 0.438778 0.091613 0.161044
0 0.541547 0.464589 0.067194 0.165844
0 0.749106 0.157411 0.058975 0.088378
0 0.462172 0.174244 0.046819 0.089667
0 0.854566 0.159039 0.067069 0.117433
0 0.295309 0.179422 0.051756 0.125489
0 0.079987 0.178783 0.066888 0.124900
0 0.242666 0.176250 0.053681 0.092144
0 0.645941 0.160044 0.054769 0.094867
0 0.695391 0.156944 0.058344 0.095089
0 0.029750 0.189417 0.059500 0.100811
0 0.984416 0.555872 0.030731 0.074678
0 0.983719 0.391961 0.032100 0.087678
0 0.948466 0.432172 0.101669 0.150522
0 0.003750 0.161500 0.007362 0.054400
