0 0.555019 0.636522 0.077738 0.229467
0 0.469359 0.635739 0.066106 0.222922
0 0.714566 0.624144 0.098869 0.219467
0 0.631925 0.616506 0.082700 0.201700
0 0.872578 0.618683 0.107431 0.223478
0 0.219281 0.654272 0.090813 0.202522
0 0.868422 0.417450 0.093406 0.145167
0 0.790341 0.608883 0.094719 0.190300
0 0.246331 0.472433 0.067975 0.147089
0 0.672662 0.433400 0.074950 0.138644
0 0.742434 0.431506 0.080669 0.150300
0 0.599863 0.436500 0.067600 0.154689
0 0.642659 0.148172 0.056156 0.097033
0 0.385722 0.627494 0.063219 0.192189
0 0.319166 0.463017 0.063869 0.160233
0 0.534519 0.439256 0.064537 0.165822
0 0.807631 0.419878 0.081912 0.138511
0 0.304325 0.638978 0.070663 0.205889
0 0.466913 0.441494 0.056350 0.143478
0 0.694553 0.148761 0.053781 0.088789
0 0.182372 0.156139 0.056319 0.088411
0 0.936625 0.419328 0.098488 0.148833
0 0.583331 0.153411 0.047450 0.094644
0 0.235563 0.160200 0.051463 0.090222
0 0.401747 0.453550 0.055719 0.147833
0 0.288428 0.158433 0.048056 0.089867
0 0.128059 0.148794 0.057231 0.110500
0 0.071616 0.164561 0.063381 0.092122
0 0.025641 0.173106 0.051144 0.107100
0 0.028456 0.464061 0.056662 0.163989
0 0.974906 0.394733 0.050000 0.120600
0 0.795375 0.139189 0.066388 0.094356
0 0.745997 0.142267 0.070481 0.106244
0 0.841966 0.134994 0.058944 0.085478
0 0.939072 0.611739 0.098256 0.187811
