0 0.880538 0.433439 0.097413 0.178500
0 0.557969 0.640906 0.071625 0.206767
0 0.718969 0.641117 0.094963 0.222122
0 0.638141 0.645311 0.080981 0.210222
0 0.951044 0.627994 0.097438 0.224033
0 0.328931 0.452367 0.057125 0.140400
0 0.027384 0.487933 0.054494 0.183578
0 0.400056 0.447311 0.056800 0.196378
0 0.642916 0.163356 0.052681 0.096978
0 0.189416 0.179756 0.054669 0.091400
0 0.541219 0.447550 0.061863 0.163522
0 0.946606 0.426072 0.104925 0.147322
0 0.291241 0.181194 0.050344 0.126278
0 0.746856 0.157961 0.061550 0.108544
0 0.027759 0.181528 0.055518 0.108767
