0 0.800653 0.633850 0.104844 0.206322
0 0.310662 0.666978 0.071762 0.210067
0 0.874944 0.615072 0.098712 0.193678
0 0.747066 0.439106 0.085506 0.155656
0 0.950375 0.429394 0.099250 0.149456
0 0.609794 0.442617 0.070275 0.178233
0 0.477378 0.634878 0.060031 0.173667
0 0.883931 0.437100 0.091300 0.147489
0 0.673953 0.428061 0.067206 0.126078
0 0.130362 0.180944 0.053537 0.091289
0 0.816797 0.443306 0.090931 0.153478
0 0.389909 0.667072 0.063569 0.200100
0 0.026597 0.477700 0.052931 0.161156
0 0.295525 0.180028 0.053725 0.125589
0 0.240234 0.170939 0.055544 0.130256
0 0.183572 0.177778 0.053831 0.089444
0 0.800600 0.156506 0.064625 0.095678
0 0.326794 0.479361 0.062938 0.153589
0 0.402694 0.462517 0.055287 0.164344
0 0.470653 0.457717 0.055319 0.145256
0 0.029206 0.183861 0.058350 0.098856
0 0.541822 0.458128 0.056744 0.145100
0 0.951781 0.619817 0.096312 0.172544
0 0.645959 0.163817 0.056556 0.094922
0 0.854172 0.147111 0.069019 0.120889
0 0.075841 0.187800 0.066544 0.090844
0 0.554094 0.639072 0.065400 0.203344
0 0.697756 0.159622 0.067350 0.106022
0 0.741453 0.152594 0.053319 0.078433
0 0.643058 0.648398 0.097808 0.236837
0 0.733277 0.625913 0.099494 0.215852
