0 0.476294 0.666700 0.068413 0.217000
0 0.639984 0.643861 0.081844 0.204922
0 0.302278 0.670083 0.066019 0.210478
0 0.320041 0.469267 0.061781 0.155422
0 0.819334 0.433944 0.090544 0.156133
0 0.745394 0.427750 0.079925 0.142167
0 0.883338 0.630994 0.109325 0.192611
0 0.563122 0.647856 0.068394 0.190222
0 0.474525 0.467717 0.060000 0.178500
0 0.606662 0.445494 0.067050 0.148344
0 0.405041 0.458494 0.054906 0.144589
0 0.884559 0.431311 0.098831 0.160067
0 0.804656 0.638144 0.110075 0.218111
0 0.674731 0.427128 0.070563 0.144278
0 0.179481 0.164533 0.050875 0.110578
0 0.536356 0.429378 0.057150 0.125156
0 0.465850 0.179778 0.042112 0.092044
0 0.802834 0.157439 0.060981 0.099056
0 0.643728 0.170289 0.055706 0.101822
0 0.952234 0.616878 0.095169 0.172111
0 0.125066 0.176483 0.061731 0.123633
0 0.848700 0.148428 0.065850 0.119500
0 0.293888 0.179911 0.054650 0.127867
0 0.696366 0.160161 0.054469 0.082878
0 0.751937 0.158278 0.072200 0.106600
0 0.713994 0.619333 0.087375 0.191756
0 0.525566 0.178994 0.047331 0.091700
0 0.028459 0.478772 0.056606 0.173989
0 0.071781 0.188672 0.066687 0.116789
0 0.024969 0.188617 0.049800 0.127989
0 0.986487 0.563728 0.026575 0.096700
0 0.032169 0.026489 0.063950 0.052978
0 0.392512 0.666350 0.066225 0.215344
0 0.232850 0.167956 0.067037 0.134111
0 0.982381 0.418378 0.034800 0.118178
