0 0.301231 0.657906 0.079400 0.215856
0 0.559950 0.645506 0.073525 0.221122
0 0.473828 0.639722 0.067269 0.216889
0 0.950716 0.632378 0.098169 0.216244
0 0.804766 0.632056 0.105044 0.200622
0 0.879469 0.449361 0.099288 0.166944
0 0.242131 0.164972 0.051813 0.112389
0 0.185141 0.170828 0.058831 0.124278
0 0.714566 0.613961 0.088444 0.184367
0 0.218262 0.047783 0.079850 0.065144
0 0.883625 0.630050 0.098712 0.177144
0 0.639144 0.634272 0.077287 0.194789
0 0.746853 0.452244 0.087119 0.165422
0 0.645553 0.154183 0.053206 0.129678
0 0.468091 0.450900 0.054081 0.130311
0 0.799197 0.153483 0.065419 0.115256
0 0.814656 0.448772 0.088250 0.156678
0 0.131006 0.185606 0.062187 0.117344
0 0.698625 0.161361 0.055087 0.095589
0 0.750322 0.160906 0.057269 0.097967
0 0.680106 0.451933 0.072625 0.147978
0 0.590438 0.172678 0.049025 0.093289
0 0.951691 0.443150 0.096281 0.154367
0 0.985609 0.407450 0.028344 0.075833
0 0.610244 0.456794 0.072675 0.164122
0 0.029141 0.176083 0.058269 0.090589
0 0.324894 0.475511 0.056312 0.151022
0 0.537566 0.451100 0.065331 0.162289
0 0.850881 0.156606 0.063863 0.088011
0 0.029700 0.478317 0.059162 0.174989
0 0.459403 0.172056 0.041581 0.088756
0 0.076637 0.187422 0.063912 0.092511
0 0.521656 0.169844 0.043500 0.084111
0 0.392066 0.637767 0.063806 0.204733
0 0.295947 0.176172 0.048181 0.080856
0 0.987228 0.574822 0.025094 0.089200
0 0.403441 0.452850 0.054044 0.143967
