0 0.876144 0.424461 0.107063 0.159500
0 0.950884 0.626983 0.097831 0.207367
0 0.309391 0.654439 0.076269 0.235767
0 0.792509 0.628844 0.091306 0.175133
0 0.810156 0.434911 0.089925 0.146844
0 0.721428 0.642728 0.100069 0.221278
0 0.026387 0.476583 0.052500 0.182144
0 0.081825 0.182522 0.065013 0.093200
0 0.676406 0.453794 0.077825 0.153633
0 0.029734 0.089667 0.059468 0.063111
0 0.743003 0.438867 0.092806 0.179022
0 0.253522 0.471744 0.067594 0.149044
0 0.292422 0.180022 0.052894 0.098156
0 0.028903 0.190583 0.057594 0.116411
0 0.557684 0.642189 0.075131 0.193867
0 0.032325 0.027583 0.064425 0.055166
0 0.705197 0.163078 0.059344 0.093822
0 0.406413 0.455439 0.053987 0.159478
