0 0.877384 0.636150 0.102731 0.227256
0 0.632550 0.622061 0.077250 0.193744
0 0.060441 0.577128 0.105306 0.196189
0 0.553253 0.631500 0.072506 0.218733
0 0.796303 0.633189 0.093569 0.233889
0 0.946816 0.610456 0.106069 0.200600
0 0.809353 0.437383 0.090019 0.159789
0 0.303044 0.666917 0.076850 0.198789
0 0.391556 0.654478 0.076063 0.229667
0 0.216897 0.682333 0.082856 0.200978
0 0.740272 0.443161 0.077644 0.149211
0 0.397325 0.466833 0.054900 0.141822
0 0.033263 0.478050 0.066487 0.191767
0 0.238128 0.181639 0.052081 0.121456
0 0.674475 0.448050 0.073425 0.146167
0 0.132400 0.178256 0.064100 0.114733
0 0.322234 0.468511 0.060594 0.155911
0 0.290947 0.180089 0.049294 0.126378
0 0.469894 0.181856 0.040125 0.093333
0 0.642603 0.162400 0.055231 0.097178
0 0.535428 0.422356 0.060106 0.139044
0 0.248744 0.475583 0.076225 0.176144
0 0.031372 0.178183 0.062744 0.089633
0 0.467703 0.448494 0.057331 0.165989
0 0.715469 0.621550 0.084225 0.192989
0 0.475891 0.641994 0.061906 0.189056
0 0.755019 0.161500 0.060450 0.088556
0 0.186100 0.183833 0.056462 0.088800
0 0.585125 0.170306 0.048875 0.099633
0 0.603838 0.433539 0.071000 0.154100
0 0.799991 0.157961 0.057406 0.082967
0 0.845097 0.145817 0.065944 0.107033
0 0.079731 0.174078 0.064812 0.111756
0 0.704987 0.166561 0.063125 0.102278
0 0.405841 0.182622 0.046056 0.127533
0 0.945512 0.425833 0.098800 0.145756
0 0.877934 0.430756 0.088031 0.132244
0 0.984513 0.566456 0.030525 0.102956
0 0.983081 0.413222 0.033400 0.103311
0 0.136053 0.035411 0.093544 0.070822
0 0.136053 0.035411 0.093544 0.070822
0 0.006344 0.147172 0.012613 0.043100
