0 0.300403 0.628644 0.077706 0.220556
0 0.473525 0.641800 0.067300 0.207467
0 0.722047 0.637978 0.095081 0.206378
0 0.555103 0.642872 0.069106 0.217167
0 0.639637 0.641750 0.085188 0.222056
0 0.749009 0.446661 0.081569 0.145567
0 0.886272 0.447217 0.090194 0.152833
0 0.676256 0.445256 0.074750 0.144489
0 0.333891 0.450000 0.060231 0.161667
0 0.466844 0.446878 0.058662 0.150200
0 0.387153 0.628050 0.061631 0.188544
0 0.027125 0.480583 0.053987 0.157767
0 0.803175 0.625706 0.105775 0.189989
0 0.129562 0.168250 0.059975 0.112478
0 0.749784 0.151633 0.060381 0.089933
0 0.540484 0.456061 0.062394 0.163878
0 0.235994 0.174333 0.046650 0.089956
0 0.291522 0.171744 0.050106 0.126644
0 0.402306 0.452339 0.054688 0.146011
0 0.699669 0.151817 0.058388 0.100767
0 0.078216 0.163050 0.064719 0.113611
0 0.952619 0.449178 0.094762 0.154400
0 0.474344 0.171633 0.043563 0.091556
0 0.949447 0.634411 0.100706 0.229178
0 0.184863 0.173022 0.051463 0.085400
0 0.028547 0.175928 0.056981 0.098100
0 0.818497 0.439744 0.098556 0.170622
0 0.647159 0.155394 0.063044 0.106389
0 0.843291 0.149011 0.062731 0.091356
