0 0.399809 0.633261 0.068519 0.245900
0 0.217950 0.669122 0.095988 0.235800
0 0.632322 0.631339 0.081594 0.224522
0 0.941000 0.422456 0.111750 0.158422
0 0.543753 0.457361 0.056556 0.167722
0 0.671666 0.440044 0.072131 0.144000
0 0.606397 0.449739 0.060444 0.152078
0 0.745853 0.153900 0.058844 0.090933
0 0.883916 0.635461 0.114494 0.207389
0 0.715850 0.634267 0.088150 0.213689
0 0.308956 0.658294 0.081850 0.216167
0 0.700875 0.159983 0.058362 0.094989
0 0.556547 0.649467 0.068519 0.229622
0 0.751159 0.443333 0.088619 0.160400
0 0.181059 0.173389 0.057881 0.112489
0 0.466038 0.175283 0.043388 0.088100
0 0.080994 0.473156 0.087863 0.172844
0 0.879275 0.438556 0.103425 0.159911
0 0.638656 0.161194 0.051863 0.098100
0 0.407556 0.452350 0.055550 0.138411
0 0.855728 0.155733 0.069206 0.123133
0 0.796741 0.155189 0.066731 0.094378
0 0.123953 0.187550 0.064844 0.113989
0 0.474838 0.452978 0.058812 0.160556
0 0.951419 0.614311 0.097162 0.172356
0 0.038812 0.026006 0.077537 0.052011
0 0.484538 0.652300 0.061687 0.206244
0 0.029056 0.477394 0.057900 0.176633
0 0.323081 0.467467 0.060788 0.156778
0 0.812019 0.442911 0.083513 0.153689
0 0.077234 0.179283 0.064594 0.098011
0 0.295319 0.168822 0.052925 0.120000
0 0.803772 0.638183 0.109294 0.219567
0 0.982791 0.437633 0.034031 0.160156
0 0.001700 0.167028 0.003375 0.039367
0 0.982994 0.403500 0.033613 0.092711
