0 0.881713 0.629328 0.103813 0.222722
0 0.714213 0.647494 0.090737 0.223567
0 0.391987 0.675400 0.071150 0.213867
0 0.796228 0.639106 0.101281 0.204144
0 0.948697 0.616444 0.102244 0.194911
0 0.471581 0.642606 0.069062 0.228678
0 0.308603 0.658022 0.073244 0.207422
0 0.947309 0.430100 0.104981 0.157756
0 0.881897 0.436256 0.090681 0.141556
0 0.676847 0.464544 0.074219 0.151911
0 0.638784 0.644722 0.072644 0.179422
0 0.536441 0.460883 0.059319 0.147922
0 0.808297 0.431650 0.085394 0.140811
0 0.183394 0.183728 0.062850 0.122633
0 0.081672 0.177767 0.064356 0.114533
0 0.323028 0.473367 0.063794 0.154733
0 0.130559 0.183611 0.063006 0.112556
0 0.556603 0.645517 0.076956 0.221167
0 0.747572 0.150939 0.057969 0.107611
0 0.740928 0.445539 0.087881 0.160833
0 0.239644 0.192806 0.052775 0.100167
0 0.398272 0.471017 0.053606 0.151567
0 0.464838 0.456739 0.056188 0.150056
0 0.026819 0.474000 0.053437 0.161156
0 0.800347 0.154344 0.065269 0.113667
0 0.466519 0.181300 0.040500 0.091111
0 0.988466 0.570972 0.022644 0.069633
0 0.641937 0.168956 0.055750 0.095911
0 0.029372 0.189072 0.058619 0.118744
0 0.296913 0.185622 0.050113 0.118956
0 0.606297 0.462422 0.069481 0.154800
0 0.492541 0.039128 0.099294 0.078167
0 0.855081 0.160006 0.063625 0.086567
0 0.696637 0.153556 0.059687 0.089867
0 0.981250 0.405467 0.037187 0.100000
