0 0.554975 0.632111 0.071013 0.212467
0 0.800922 0.642761 0.104844 0.194722
0 0.877287 0.634267 0.116950 0.202867
0 0.255963 0.554194 0.065912 0.174278
0 0.331203 0.464300 0.061519 0.148689
0 0.752053 0.460883 0.083569 0.174233
0 0.395653 0.660389 0.061644 0.212222
0 0.229194 0.183978 0.052613 0.117733
0 0.030400 0.477472 0.060512 0.160167
0 0.477600 0.639933 0.054950 0.173800
0 0.129178 0.173583 0.060681 0.111478
0 0.639744 0.637311 0.082312 0.192711
0 0.687034 0.453667 0.077344 0.168267
0 0.180875 0.181333 0.053863 0.088956
0 0.400247 0.465183 0.056656 0.151589
0 0.722006 0.651050 0.092125 0.210011
0 0.076016 0.187922 0.062019 0.090600
0 0.944275 0.616656 0.110988 0.206756
0 0.293581 0.183811 0.050862 0.126378
0 0.061253 0.569417 0.099369 0.207767
0 0.472738 0.465394 0.053200 0.154789
0 0.606706 0.452411 0.065338 0.141622
0 0.028828 0.187167 0.057544 0.113689
0 0.594772 0.178194 0.055506 0.106300
0 0.749600 0.160483 0.067562 0.119700
0 0.538819 0.460567 0.059650 0.137911
0 0.795753 0.155739 0.067244 0.094033
0 0.947884 0.429444 0.097544 0.137644
0 0.646031 0.170328 0.059913 0.098767
0 0.843303 0.149861 0.061019 0.085656
0 0.983609 0.581839 0.032319 0.109300
0 0.607481 0.033461 0.112850 0.065678
0 0.607481 0.033461 0.112850 0.065678
0 0.980700 0.386906 0.038400 0.074567
