0 0.309694 0.662228 0.070263 0.206567
0 0.230638 0.634133 0.077162 0.210533
0 0.631466 0.632328 0.083456 0.224967
0 0.798988 0.638372 0.108713 0.220056
0 0.397487 0.474178 0.053425 0.160644
0 0.741931 0.437667 0.087063 0.160889
0 0.798572 0.161161 0.065644 0.088167
0 0.187037 0.180256 0.058100 0.116822
0 0.323744 0.474306 0.062525 0.157678
0 0.985728 0.578861 0.028094 0.104500
0 0.287466 0.180656 0.046456 0.094778
0 0.388894 0.667083 0.070512 0.199767
0 0.412378 0.169800 0.045731 0.108511
0 0.075219 0.174550 0.070475 0.138122
0 0.881734 0.436672 0.100731 0.159122
0 0.002175 0.167711 0.004300 0.038622
