0 0.478025 0.646333 0.064388 0.231289
0 0.638200 0.639156 0.087462 0.220333
0 0.309000 0.666578 0.071875 0.210289
0 0.844325 0.869111 0.148050 0.139044
0 0.872559 0.621767 0.112131 0.199178
0 0.949725 0.618050 0.100175 0.193522
0 0.222650 0.643400 0.082625 0.223889
0 0.721409 0.632333 0.086731 0.199133
0 0.472688 0.454489 0.060287 0.171511
0 0.792991 0.620200 0.096406 0.191133
0 0.389812 0.667700 0.069862 0.199511
0 0.748312 0.452483 0.082888 0.148833
0 0.881803 0.439850 0.094919 0.144389
0 0.676988 0.451544 0.070575 0.149200
0 0.560250 0.648750 0.064613 0.179611
0 0.030166 0.488889 0.060069 0.178844
0 0.813359 0.439283 0.091356 0.160767
0 0.189391 0.179278 0.053131 0.089778
0 0.801009 0.155006 0.063694 0.114833
0 0.400888 0.470583 0.053688 0.150189
0 0.321297 0.474283 0.061756 0.159144
0 0.608075 0.451839 0.065888 0.137789
0 0.134297 0.167572 0.058131 0.111944
0 0.541094 0.465367 0.066662 0.165178
0 0.747947 0.157756 0.058456 0.087889
0 0.078753 0.179156 0.067969 0.124911
0 0.588169 0.172222 0.050563 0.096667
0 0.853984 0.159778 0.066581 0.116800
0 0.294328 0.180017 0.051269 0.125722
0 0.237094 0.187572 0.056650 0.101611
0 0.694612 0.157883 0.058875 0.095278
0 0.028278 0.181972 0.056556 0.108722
0 0.986509 0.558050 0.026544 0.081611
0 0.983366 0.392356 0.032806 0.087911
0 0.947966 0.432489 0.102419 0.152578
