0 0.744069 0.429222 0.088737 0.151311
0 0.034409 0.447494 0.068594 0.146100
0 0.678741 0.439972 0.074381 0.137189
0 0.241456 0.173611 0.052088 0.090600
0 0.562303 0.637494 0.077481 0.220722
0 0.692516 0.147994 0.058581 0.090478
0 0.810134 0.427389 0.088481 0.148333
0 0.546144 0.444717 0.059725 0.173544
0 0.401881 0.652828 0.069075 0.236767
0 0.398084 0.450433 0.058706 0.173311
0 0.843678 0.142917 0.063556 0.086500
0 0.226884 0.677706 0.088019 0.233811
0 0.951759 0.434528 0.096256 0.158011
0 0.949972 0.611206 0.099794 0.178700
0 0.473800 0.452233 0.056688 0.144778
0 0.318331 0.654511 0.067225 0.201267
