0 0.382012 0.672550 0.065375 0.206878
0 0.299150 0.678872 0.074950 0.202589
0 0.646563 0.651506 0.088763 0.205744
0 0.402531 0.468617 0.056113 0.180056
0 0.795728 0.624328 0.106156 0.229611
0 0.714369 0.621850 0.089262 0.214411
0 0.610337 0.451628 0.075300 0.180367
0 0.030912 0.463528 0.061824 0.186833
0 0.211562 0.674378 0.097562 0.238000
0 0.642797 0.161694 0.053981 0.097033
0 0.949447 0.434328 0.100744 0.169256
0 0.237716 0.173894 0.048681 0.089633
0 0.809372 0.436250 0.087369 0.149500
0 0.871484 0.611422 0.121006 0.217289
0 0.081206 0.177494 0.062600 0.089122
0 0.743975 0.436783 0.073713 0.153678
0 0.696156 0.156944 0.058550 0.089889
0 0.323275 0.469261 0.063000 0.160144
0 0.536644 0.452617 0.060650 0.145478
0 0.950750 0.616300 0.098100 0.173333
0 0.187359 0.168261 0.054081 0.086433
0 0.796372 0.152589 0.066669 0.094111
0 0.407619 0.167500 0.044175 0.107889
0 0.005166 0.153011 0.010219 0.041422
0 0.981150 0.408078 0.037700 0.113089
0 0.068731 0.027511 0.134412 0.055022
0 0.068375 0.027950 0.135975 0.055900
