0 0.804034 0.630867 0.089894 0.196578
0 0.880991 0.625083 0.107556 0.223656
0 0.309991 0.653078 0.071969 0.207067
0 0.474884 0.645344 0.066969 0.217844
0 0.748425 0.440167 0.080025 0.148956
0 0.224328 0.045583 0.081181 0.063944
0 0.224162 0.667372 0.089325 0.201789
0 0.605122 0.445356 0.069106 0.151267
0 0.240587 0.175744 0.052075 0.090844
0 0.390850 0.640594 0.063063 0.194278
0 0.561506 0.644489 0.075612 0.228889
0 0.395553 0.454250 0.056506 0.147456
0 0.874719 0.423728 0.096537 0.146411
0 0.472141 0.452972 0.057319 0.141322
0 0.678453 0.441883 0.075256 0.136789
0 0.716553 0.629094 0.080844 0.190322
0 0.031100 0.481617 0.061762 0.164056
0 0.811466 0.426456 0.088681 0.138800
0 0.251481 0.486039 0.068650 0.146744
0 0.540041 0.447300 0.065031 0.159422
0 0.323366 0.472544 0.061831 0.152222
0 0.948700 0.612300 0.102200 0.179933
0 0.587281 0.164200 0.048313 0.094578
0 0.943591 0.422739 0.101931 0.144633
0 0.646025 0.157478 0.058200 0.097600
0 0.127069 0.182294 0.058275 0.117211
0 0.184072 0.175917 0.056156 0.116278
0 0.847022 0.142783 0.062594 0.085856
0 0.077150 0.182606 0.063113 0.093322
0 0.027716 0.174161 0.055331 0.115100
0 0.799847 0.146828 0.065544 0.095500
0 0.977988 0.398456 0.043850 0.119867
0 0.638706 0.626022 0.082725 0.203533
0 0.750541 0.150256 0.071869 0.106422
0 0.988272 0.566011 0.023006 0.094244
