0 0.882709 0.630733 0.120306 0.215111
0 0.716300 0.639533 0.086675 0.207933
0 0.947434 0.620311 0.104769 0.200689
0 0.315041 0.642961 0.077356 0.237367
0 0.330450 0.458894 0.056988 0.143300
0 0.882406 0.439506 0.098488 0.160478
0 0.949913 0.432928 0.096788 0.142967
0 0.813116 0.443400 0.083556 0.149933
0 0.397425 0.639128 0.061687 0.182789
0 0.042022 0.694611 0.083944 0.222400
0 0.560403 0.642000 0.071331 0.203667
0 0.534775 0.452961 0.059112 0.155500
0 0.674319 0.456511 0.075237 0.154756
0 0.736522 0.439628 0.069644 0.131056
0 0.241250 0.178989 0.057237 0.116578
0 0.029059 0.476656 0.057944 0.166444
0 0.744028 0.154933 0.061106 0.090156
0 0.698813 0.168656 0.063975 0.121822
0 0.479334 0.641456 0.063344 0.191533
0 0.290119 0.182478 0.050113 0.126467
0 0.404900 0.457906 0.054625 0.141278
0 0.637516 0.648683 0.074806 0.192300
0 0.185584 0.185272 0.065481 0.116633
0 0.134200 0.186483 0.059550 0.092300
0 0.528419 0.173350 0.046937 0.098944
0 0.636459 0.165550 0.053544 0.098811
0 0.080522 0.173472 0.062869 0.113278
0 0.604734 0.453650 0.062931 0.143456
0 0.468141 0.452478 0.059569 0.160089
0 0.468047 0.176461 0.042506 0.091322
0 0.258359 0.471083 0.062769 0.143744
0 0.028191 0.189178 0.056381 0.098911
0 0.803131 0.619133 0.105875 0.201844
0 0.848512 0.151500 0.067337 0.116133
0 0.792984 0.151439 0.064869 0.098789
0 0.694319 0.029850 0.090787 0.059700
0 0.020547 0.028761 0.040981 0.057389
0 0.579200 0.171800 0.048450 0.089444
0 0.981538 0.414472 0.036812 0.108767
0 0.807262 0.636872 0.097500 0.168522
0 0.002941 0.154806 0.005731 0.031633
0 0.233519 0.644267 0.079637 0.196244
