0 0.950200 0.632650 0.099187 0.216078
0 0.714356 0.612894 0.088912 0.185856
0 0.559837 0.645644 0.074012 0.220267
0 0.638587 0.635211 0.077962 0.193444
0 0.879609 0.449683 0.099844 0.166656
0 0.131166 0.185133 0.062869 0.116156
0 0.814606 0.449200 0.089650 0.157311
0 0.323206 0.467211 0.058012 0.151244
0 0.590359 0.172922 0.049344 0.093422
0 0.799200 0.153994 0.065263 0.114922
0 0.983388 0.414117 0.033087 0.095833
0 0.076613 0.187311 0.063400 0.091800
0 0.749650 0.161256 0.059387 0.098178
0 0.004281 0.157611 0.008462 0.037933
