0 0.632097 0.632767 0.083219 0.226133
0 0.230472 0.634328 0.077631 0.210300
0 0.799378 0.638744 0.107856 0.219489
0 0.953225 0.633078 0.093112 0.243800
0 0.026316 0.489389 0.052531 0.160511
0 0.131756 0.181122 0.060875 0.115489
0 0.035647 0.689756 0.071006 0.227622
0 0.075356 0.175044 0.070125 0.139533
0 0.712272 0.624461 0.090769 0.192322
0 0.388353 0.666928 0.070344 0.199989
0 0.186244 0.176461 0.058263 0.114789
0 0.238169 0.172311 0.054337 0.112022
0 0.025131 0.187650 0.050125 0.118433
0 0.476413 0.465189 0.054088 0.149244
0 0.646675 0.169389 0.059125 0.110022
0 0.674328 0.447722 0.079119 0.151311
0 0.804766 0.425206 0.082731 0.134878
0 0.404438 0.469467 0.055338 0.147511
0 0.554300 0.657878 0.072450 0.212978
0 0.255084 0.469561 0.070906 0.152033
0 0.947841 0.437139 0.102856 0.150633
0 0.742216 0.437828 0.086456 0.159856
0 0.881631 0.437556 0.100525 0.159733
0 0.589075 0.175117 0.051075 0.096456
0 0.540334 0.455917 0.062694 0.163478
0 0.471000 0.656167 0.062325 0.197889
0 0.309084 0.662172 0.069844 0.207789
0 0.800262 0.160244 0.062250 0.088089
0 0.605987 0.453878 0.060650 0.148244
0 0.746484 0.157311 0.065669 0.096133
0 0.323431 0.475394 0.063162 0.158856
0 0.293462 0.171856 0.053925 0.100978
0 0.692669 0.156656 0.054575 0.083089
0 0.875875 0.620967 0.111275 0.195467
0 0.848644 0.150467 0.066662 0.092333
0 0.982144 0.408189 0.035662 0.104844
0 0.989334 0.561978 0.020894 0.070444
