0 0.802822 0.637717 0.110631 0.219144
0 0.398512 0.653750 0.069062 0.225878
0 0.216247 0.668550 0.093369 0.236456
0 0.307837 0.658072 0.082800 0.220767
0 0.713878 0.622383 0.092556 0.190989
0 0.750422 0.443617 0.089494 0.163522
0 0.885188 0.634172 0.111200 0.206144
0 0.252216 0.471144 0.066219 0.163378
0 0.556281 0.650194 0.068263 0.229656
0 0.700284 0.159167 0.059044 0.094978
0 0.606550 0.455028 0.063563 0.154411
0 0.745678 0.152867 0.059206 0.090044
0 0.671794 0.439417 0.073250 0.144011
0 0.543887 0.460228 0.060850 0.154256
0 0.322681 0.465933 0.060738 0.154933
0 0.180456 0.172400 0.057512 0.112289
0 0.407209 0.461050 0.054644 0.157656
0 0.466747 0.173022 0.044644 0.089733
0 0.879478 0.438361 0.102344 0.159767
0 0.637353 0.160939 0.053369 0.097189
0 0.124222 0.187217 0.065394 0.117211
0 0.237069 0.177606 0.058200 0.121633
0 0.855300 0.154889 0.068812 0.122289
0 0.474375 0.451722 0.061062 0.158956
0 0.811959 0.438444 0.082931 0.147756
0 0.797156 0.154150 0.065412 0.093367
0 0.484962 0.651411 0.064550 0.205733
0 0.026994 0.180556 0.053913 0.094400
0 0.028769 0.473006 0.057350 0.174656
0 0.294450 0.170206 0.052700 0.123678
0 0.076803 0.176767 0.064869 0.094333
0 0.983063 0.413178 0.033425 0.114911
0 0.951519 0.614944 0.096075 0.172867
0 0.631288 0.629422 0.082013 0.225044
0 0.941903 0.421661 0.107656 0.158878
