0 0.638106 0.619228 0.081550 0.202144
0 0.802278 0.633272 0.108631 0.218078
0 0.561300 0.633789 0.072025 0.214022
0 0.316650 0.663267 0.079725 0.225178
0 0.947669 0.630122 0.104212 0.200311
0 0.868353 0.616339 0.099044 0.184033
0 0.074800 0.187211 0.065687 0.114622
0 0.029725 0.477333 0.059212 0.160578
0 0.879503 0.428889 0.100394 0.150600
0 0.131547 0.189639 0.060856 0.089856
0 0.674428 0.443028 0.069294 0.147944
0 0.744128 0.435322 0.081056 0.145733
0 0.716153 0.617028 0.085894 0.189811
0 0.467587 0.452189 0.057350 0.161889
0 0.184678 0.184239 0.053169 0.090056
0 0.397191 0.650289 0.062719 0.205467
0 0.813447 0.439828 0.090706 0.160811
0 0.604556 0.434739 0.065900 0.144411
0 0.480178 0.637361 0.063206 0.187878
0 0.697672 0.159144 0.052469 0.084489
0 0.325050 0.472717 0.064962 0.155722
0 0.291759 0.181261 0.050744 0.126011
0 0.539044 0.444117 0.060325 0.154811
0 0.750909 0.157872 0.072831 0.105011
0 0.644313 0.161189 0.060050 0.096244
0 0.848878 0.148950 0.067756 0.119011
0 0.984375 0.569561 0.030775 0.118856
0 0.405584 0.457739 0.053819 0.145433
0 0.004972 0.157333 0.009781 0.052089
0 0.002594 0.616500 0.005012 0.052467
