0 0.046641 0.623694 0.093281 0.205678
0 0.799866 0.633772 0.104769 0.205700
0 0.746931 0.439311 0.085875 0.155956
0 0.950259 0.429711 0.098919 0.149511
0 0.235516 0.185444 0.055256 0.121111
0 0.609709 0.442850 0.070319 0.179300
0 0.883453 0.437022 0.091394 0.147311
0 0.874294 0.615172 0.099025 0.193433
0 0.477228 0.635372 0.059919 0.173878
0 0.026603 0.477578 0.052956 0.160556
0 0.132091 0.179800 0.065319 0.123156
0 0.633672 0.633200 0.077156 0.200711
0 0.183863 0.178006 0.053937 0.089411
0 0.295475 0.180467 0.054162 0.125889
0 0.672444 0.415456 0.072950 0.140356
0 0.077963 0.184811 0.064287 0.114533
0 0.029275 0.183956 0.058537 0.098956
0 0.473253 0.447739 0.060444 0.154122
0 0.391072 0.652011 0.062606 0.191689
0 0.951625 0.620428 0.096450 0.172967
0 0.553916 0.639583 0.065456 0.203122
0 0.645697 0.163833 0.056444 0.094311
0 0.541619 0.458606 0.056650 0.145078
0 0.326781 0.479678 0.062675 0.154644
0 0.402628 0.462561 0.055206 0.163833
0 0.798447 0.162300 0.068519 0.097444
0 0.985731 0.568183 0.028100 0.093500
0 0.697063 0.160206 0.067687 0.105967
0 0.310528 0.667300 0.071644 0.209711
0 0.981950 0.400239 0.035975 0.088856
