0 0.801184 0.634772 0.104006 0.199456
0 0.887156 0.639183 0.112888 0.209233
0 0.307388 0.676667 0.067075 0.217156
0 0.392019 0.665861 0.071212 0.221922
0 0.950147 0.630044 0.099244 0.215844
0 0.028163 0.475600 0.056025 0.169533
0 0.744594 0.455456 0.087163 0.164200
0 0.026937 0.180033 0.053700 0.113022
0 0.949172 0.438433 0.098356 0.140622
0 0.402219 0.475583 0.057188 0.151411
0 0.817578 0.457267 0.085756 0.154778
0 0.075628 0.185200 0.061956 0.091089
0 0.474525 0.471878 0.056100 0.147178
0 0.185925 0.175589 0.053350 0.089644
0 0.716953 0.647856 0.080506 0.178711
0 0.678278 0.466811 0.074581 0.151778
0 0.883947 0.444944 0.102731 0.151133
0 0.611806 0.480300 0.067275 0.148778
0 0.544716 0.482944 0.064206 0.153289
0 0.466009 0.176539 0.043344 0.090189
0 0.131488 0.184567 0.060525 0.097444
0 0.474225 0.667706 0.064812 0.205411
0 0.325144 0.474456 0.062325 0.158733
0 0.556575 0.674317 0.069988 0.213344
0 0.751644 0.165111 0.061988 0.092333
0 0.639619 0.168672 0.053937 0.095078
0 0.851566 0.153461 0.070069 0.095722
0 0.796619 0.149883 0.062825 0.086789
0 0.983812 0.550133 0.031938 0.079378
0 0.977053 0.398194 0.045631 0.105789
0 0.635956 0.658539 0.079775 0.202411
0 0.236097 0.178461 0.065031 0.125900
0 0.236097 0.178461 0.065031 0.125900
