0 0.799041 0.634522 0.096644 0.227644
0 0.455450 0.302611 0.101900 0.094289
0 0.313581 0.639900 0.080275 0.244444
0 0.716378 0.637872 0.096531 0.219433
0 0.796259 0.143183 0.059744 0.111611
0 0.678363 0.449378 0.074950 0.159778
0 0.747791 0.449139 0.078794 0.143722
0 0.557813 0.636589 0.066500 0.221022
0 0.694966 0.162567 0.058656 0.093156
0 0.479356 0.630444 0.061675 0.192467
0 0.240369 0.174972 0.050825 0.118056
0 0.607422 0.455022 0.063606 0.152956
0 0.746009 0.157228 0.058981 0.087456
0 0.325434 0.449906 0.057019 0.167744
0 0.033244 0.484072 0.066013 0.176456
0 0.404263 0.455283 0.054688 0.152500
0 0.473538 0.455333 0.055963 0.142444
0 0.632816 0.639122 0.075306 0.198733
0 0.467572 0.181311 0.040144 0.092111
0 0.848494 0.145233 0.061425 0.106556
0 0.817987 0.443333 0.099062 0.170733
0 0.073459 0.192617 0.064194 0.116500
0 0.398394 0.646133 0.068000 0.229533
0 0.128216 0.180878 0.068356 0.105311
0 0.645828 0.163539 0.056681 0.094700
0 0.292819 0.179661 0.044538 0.079944
0 0.031575 0.176683 0.063150 0.095589
0 0.983700 0.569056 0.032150 0.097822
0 0.538531 0.447172 0.065312 0.159011
0 0.251859 0.478650 0.053194 0.180522
0 0.944278 0.619783 0.111331 0.204944
0 0.884544 0.634322 0.106675 0.184622
0 0.946659 0.441972 0.101581 0.136744
0 0.183063 0.176561 0.056962 0.117278
0 0.227284 0.670578 0.076531 0.204689
