0 0.303119 0.644978 0.074650 0.208978
0 0.478541 0.631772 0.071119 0.208767
0 0.634609 0.630411 0.079869 0.192089
0 0.806931 0.423967 0.090087 0.175133
0 0.790288 0.621928 0.102725 0.218900
0 0.944756 0.623772 0.110175 0.202478
0 0.673325 0.434294 0.075687 0.159189
0 0.870287 0.415578 0.089725 0.145467
0 0.538237 0.440744 0.059887 0.169622
0 0.743963 0.438656 0.075225 0.157933
0 0.603187 0.436356 0.063325 0.148267
0 0.469787 0.443567 0.059375 0.160156
0 0.400175 0.640956 0.061338 0.189533
0 0.335403 0.459400 0.060356 0.157244
0 0.556156 0.608422 0.072038 0.184044
0 0.755769 0.169261 0.064700 0.122033
0 0.290837 0.182511 0.050250 0.125800
0 0.028700 0.476789 0.057138 0.152111
0 0.465606 0.180194 0.044375 0.091633
0 0.238341 0.172200 0.051819 0.110378
0 0.945694 0.415550 0.105175 0.156633
0 0.405266 0.460394 0.054181 0.146989
0 0.520887 0.172606 0.046312 0.090678
0 0.985047 0.576467 0.029431 0.121267
0 0.184172 0.177456 0.058506 0.096733
0 0.132072 0.178439 0.056831 0.114633
0 0.698322 0.159194 0.057294 0.100744
0 0.339444 0.067044 0.096900 0.118511
0 0.646513 0.163744 0.063287 0.108489
0 0.036191 0.025194 0.072056 0.050388
0 0.802522 0.159744 0.067756 0.087578
0 0.712103 0.627233 0.092681 0.202800
0 0.850000 0.150294 0.069862 0.094033
0 0.868347 0.615706 0.099319 0.184922
0 0.017984 0.180906 0.035968 0.085856
0 0.983575 0.416594 0.032400 0.120833
0 0.070666 0.183939 0.089394 0.152389
0 0.868416 0.615933 0.098994 0.185578
0 0.070666 0.183939 0.089394 0.152389
