0 0.476538 0.664900 0.066988 0.220267
0 0.640553 0.644361 0.080231 0.205167
0 0.303731 0.670289 0.069350 0.210422
0 0.885678 0.431483 0.097444 0.160189
0 0.805966 0.638144 0.108494 0.219844
0 0.820022 0.433761 0.091394 0.153856
0 0.319878 0.469739 0.061281 0.155878
0 0.745897 0.428450 0.079906 0.142700
0 0.181078 0.164883 0.053969 0.111011
0 0.238741 0.171594 0.049519 0.087411
0 0.949841 0.437389 0.095056 0.153044
0 0.883847 0.629078 0.109294 0.188644
0 0.036997 0.680600 0.073681 0.218956
0 0.405531 0.458544 0.054625 0.143289
0 0.125528 0.176978 0.061331 0.123244
0 0.563391 0.648356 0.068444 0.190644
0 0.644650 0.170628 0.055450 0.101278
0 0.952631 0.616456 0.094450 0.169400
0 0.607391 0.445539 0.066244 0.147611
0 0.393922 0.667256 0.061919 0.214444
0 0.675375 0.426583 0.070738 0.142344
0 0.292844 0.180094 0.050687 0.126167
0 0.849747 0.149356 0.068244 0.120222
0 0.714781 0.619283 0.088087 0.190100
0 0.588500 0.178850 0.050963 0.100478
0 0.536762 0.429939 0.056738 0.126167
0 0.697313 0.160483 0.053075 0.083633
0 0.072544 0.188628 0.067913 0.115367
0 0.474412 0.462800 0.058338 0.167822
0 0.029106 0.479489 0.057975 0.173289
0 0.803113 0.157833 0.071563 0.101667
0 0.023353 0.198556 0.046594 0.115222
0 0.081075 0.478367 0.095288 0.160044
0 0.752334 0.158817 0.072419 0.107233
0 0.986625 0.562111 0.026313 0.095911
0 0.033016 0.026694 0.065756 0.053388
0 0.509088 0.035739 0.109675 0.069189
0 0.981284 0.416650 0.037006 0.115122
0 0.509088 0.035739 0.109675 0.069189
0 0.033016 0.026694 0.065756 0.053388
