0 0.301928 0.694600 0.081169 0.207444
0 0.392422 0.665139 0.071281 0.223256
0 0.473925 0.667361 0.065613 0.204389
0 0.028353 0.475850 0.056356 0.169856
0 0.402294 0.475811 0.057175 0.151578
0 0.544700 0.482589 0.064162 0.153778
0 0.474406 0.472072 0.056087 0.147433
0 0.611800 0.481133 0.067325 0.150933
0 0.186106 0.175717 0.053437 0.089211
0 0.325131 0.474817 0.062525 0.159744
0 0.639831 0.168450 0.053700 0.094367
0 0.131675 0.184256 0.060800 0.098489
0 0.851159 0.153878 0.071119 0.096667
0 0.701616 0.168611 0.068019 0.124222
0 0.236328 0.178328 0.065044 0.127033
0 0.236328 0.178328 0.065044 0.127033
0 0.701616 0.168611 0.068019 0.124222
